# gal caf_fid cdf_fid 7m_fid circ_diameter model_flux caf_flux cdf_flux 7m_flux cdaf_fid cdaf_flux 
ngc2283 7.49 8.65 1.07 119.2 68.56 68.28 67.27 3.62 12.46 68.36 18.6 69.65 1.71 1.53 1.59 1.62 0.62 1.64
ngc5068 11.28 12.37 1.01 246.0 779.38 761.84 772.28 36.55 17.57 774.21 5.27 723.58 4.43 3.9 4.3 4.3 2.49 4.89
ngc4579 7.8 9.36 1.06 169.6 142.0 141.65 146.01 10.57 14.91 141.54 22.18 145.75 1.93 1.69 1.79 1.76 1.06 1.9
ngc3351 6.88 5.44 1.02 182.4 283.68 264.99 269.63 25.27 12.43 277.05 3.54 198.35 10.34 9.62 10.67 10.17 8.46 10.07
ngc4689 11.11 11.87 1.02 138.0 148.94 147.97 144.27 4.59 19.0 148.75 16.06 140.67 2.86 2.62 2.62 2.72 1.09 2.81
ngc4571 9.35 11.04 1.02 129.0 105.43 103.2 101.68 6.53 19.05 104.88 10.09 90.38 1.53 1.41 1.41 1.47 0.99 1.51
ic1954 7.43 9.57 1.08 103.4 48.23 48.11 48.34 2.52 19.57 48.2 33.55 47.54 2.35 1.98 2.04 2.19 0.87 2.28
ngc4941 7.32 7.76 1.04 118.4 52.09 50.61 50.43 2.48 14.71 51.81 7.02 44.66 1.16 1.18 1.25 1.19 0.68 1.19
ic5273 8.76 11.04 1.08 101.0 32.39 32.1 33.02 2.82 14.4 32.42 15.39 29.6 1.83 1.72 1.84 1.83 1.12 1.73
ngc3626 5.19 8.81 1.59 41.6 9.6 9.52 10.46 3.35 11.38 9.57 7.19 8.01 1.77 1.46 1.57 1.6 1.12 1.55
ngc1317 4.07 5.46 1.04 54.4 26.15 26.09 28.2 5.37 7.56 26.18 13.14 23.76 3.37 2.33 2.63 2.85 1.2 3.11
ngc4298 8.46 11.36 1.06 116.2 99.39 98.77 101.73 7.22 20.77 99.48 19.33 95.29 2.88 2.52 2.6 2.73 0.87 2.84
ngc0628 14.58 16.69 1.05 262.2 654.31 652.33 702.93 65.94 25.87 654.36 14.86 647.34 3.94 3.63 3.84 3.83 2.14 3.43
ngc4254 10.17 8.57 1.06 219.4 500.26 491.82 520.73 43.78 14.79 497.53 7.74 466.76 7.81 7.11 7.36 7.59 2.82 7.54
ngc4535 7.46 5.67 1.03 184.2 241.35 229.06 230.16 18.4 11.76 237.31 4.47 183.9 6.73 6.31 6.77 6.53 5.35 6.49
ngc5042 6.49 7.01 1.03 105.2 48.76 47.78 45.09 1.54 11.14 48.36 7.99 41.37 1.13 1.03 1.05 1.11 0.51 1.17
ngc6744 10.07 10.55 1.03 260.6 797.34 781.24 781.3 51.15 16.66 795.26 6.01 726.48 4.01 3.62 3.82 3.87 2.26 4.32
ngc2090 5.38 6.47 1.05 93.6 62.38 60.93 59.1 2.46 13.11 62.36 7.12 54.49 2.21 1.75 1.82 2.02 0.56 2.22
ngc3621 9.52 7.93 1.08 243.2 689.74 683.11 754.01 84.39 14.95 687.99 6.65 674.28 8.85 8.08 8.78 8.41 5.02 7.77
ngc4731 4.43 5.44 1.11 88.4 20.3 20.06 20.1 2.16 8.24 20.21 11.15 19.75 0.81 0.65 0.7 0.73 0.33 0.79
ngc0685 8.99 9.41 1.08 111.2 33.55 32.78 31.85 2.36 13.78 33.01 9.82 27.1 0.99 0.9 0.96 0.97 0.39 0.9
ngc2997 10.99 6.87 1.12 289.8 927.95 925.71 1048.19 174.15 14.48 928.22 8.15 918.86 18.7 17.82 19.25 18.49 14.55 16.39
ngc3507 6.5 6.2 1.06 116.2 61.38 60.57 57.82 4.13 10.45 60.9 11.97 53.12 1.77 1.86 1.98 1.85 1.25 1.63
ngc4293 4.56 11.19 1.23 53.0 21.3 21.4 26.37 7.47 11.92 21.39 21.84 21.09 5.07 4.45 4.85 4.83 3.68 4.85
ngc1511 6.53 8.71 1.09 84.6 54.61 54.71 63.17 13.79 13.89 54.56 20.14 51.84 4.96 4.5 4.88 4.82 3.37 4.76
ngc1097 7.67 6.86 1.07 200.2 249.98 249.97 281.44 45.32 10.98 249.74 11.07 264.37 10.68 9.54 10.85 10.41 7.15 9.94
ngc7496 8.35 8.35 1.11 110.6 53.13 52.72 58.68 9.33 11.69 53.07 19.66 50.84 4.56 4.39 4.84 4.58 3.77 4.35
ngc4540 5.38 6.37 1.08 73.4 32.81 31.73 31.05 2.96 12.7 32.63 6.74 24.55 2.01 1.64 1.68 1.83 0.8 1.96
ngc4548 6.16 6.53 1.09 159.4 88.62 87.21 87.36 8.5 9.41 88.28 7.41 84.19 1.7 1.55 1.64 1.65 1.0 1.78
ngc5643 11.78 12.63 1.05 203.0 339.95 337.78 359.34 33.35 18.73 339.45 11.6 327.24 7.37 7.1 7.79 7.3 5.7 6.94
ngc1546 5.47 9.77 1.03 77.2 68.44 68.48 77.61 16.59 12.12 68.03 19.85 65.05 7.0 6.02 6.66 6.64 4.1 6.77
ngc3239 51.39 16.43 23.06 7.0 0.14 0.14 0.21 0.1 38.7 0.14 26.18 0.11 0.14 0.14 0.15 0.14 0.13 0.13
ngc3596 8.95 11.84 1.06 117.2 109.56 109.01 108.99 6.17 16.89 109.29 19.68 103.85 2.92 2.65 2.75 2.83 0.86 2.73
ngc1512 4.43 4.63 1.07 143.8 113.82 113.6 114.6 13.68 8.03 113.77 13.15 120.27 4.37 3.53 3.99 3.94 2.79 4.12
ngc4321 8.98 6.82 1.02 245.2 447.21 434.67 429.91 35.5 11.88 444.27 4.56 388.82 7.59 6.48 7.01 6.89 4.44 7.3
ngc2566 4.15 3.82 1.12 123.2 102.01 101.59 117.3 26.73 5.63 101.49 8.54 111.09 14.22 13.54 15.11 14.31 12.63 13.39
ngc4457 6.04 10.14 1.06 78.4 52.36 51.69 53.89 6.68 17.58 52.09 9.21 43.41 3.97 3.3 3.55 3.73 1.59 3.49
ngc4694 4.35 6.28 1.23 44.0 9.43 8.69 8.95 1.77 10.71 9.25 3.53 5.83 1.98 1.62 1.72 1.82 1.16 1.89
ngc1566 8.19 6.52 1.05 193.4 301.44 298.57 318.27 39.43 12.08 299.92 8.49 293.25 5.74 5.5 5.89 5.56 3.71 5.57
ngc4496a 4.81 4.97 1.12 86.4 30.5 29.76 29.35 3.73 7.88 30.26 6.9 24.17 1.38 1.12 1.18 1.24 0.67 1.55
ngc1087 8.03 11.44 1.06 122.2 90.95 90.51 93.25 8.09 15.49 90.68 14.13 88.06 4.54 4.08 4.32 4.35 2.58 4.38
ngc3627 10.25 9.88 1.04 216.8 514.11 500.49 554.75 72.79 18.04 512.94 6.43 442.78 10.71 9.44 10.05 10.11 5.92 10.07
ngc3511 6.25 6.64 1.05 135.8 94.36 94.0 96.37 6.57 10.92 94.16 12.17 95.48 3.56 2.61 2.73 3.01 0.93 3.51
ngc2835 5.56 5.69 1.04 126.8 163.18 162.37 156.49 8.9 8.27 162.31 18.05 162.05 3.15 2.42 2.48 2.74 1.27 3.17
ngc5530 9.05 12.28 1.05 131.0 134.53 134.43 137.08 8.87 17.73 134.46 32.22 136.53 2.61 2.55 2.68 2.69 0.91 2.61
ngc1672 7.02 5.79 1.06 172.8 237.35 231.91 248.45 42.33 10.0 234.66 8.07 210.76 13.9 12.93 14.2 13.6 10.9 13.37
ngc4424 4.79 6.81 1.07 63.8 27.1 24.86 26.01 4.07 10.98 26.48 3.26 15.85 3.24 2.87 3.07 3.22 1.82 3.17
ngc4536 8.28 7.46 1.08 166.6 117.78 117.43 132.18 21.6 11.34 117.55 9.07 123.76 9.27 8.79 9.76 9.25 7.75 8.23
ngc3137 5.11 5.89 1.07 88.0 30.55 30.34 29.22 1.71 10.48 30.4 17.77 27.55 1.19 0.94 1.0 1.06 0.4 1.13
ngc1559 9.57 14.07 1.08 128.8 138.57 138.58 149.03 15.29 24.25 138.24 45.77 139.58 4.03 3.7 3.99 3.96 2.27 3.88
ngc1433 4.66 4.82 1.08 165.4 141.75 139.48 130.52 13.28 8.02 140.85 6.16 136.72 5.29 4.11 4.45 4.63 2.77 5.13
ngc4207 5.2 10.49 1.53 49.8 18.13 17.9 22.18 7.68 10.07 18.04 7.05 15.18 3.02 2.56 2.93 2.82 2.04 2.76
ngc2903 16.15 12.22 1.05 242.2 505.11 503.19 552.1 64.23 23.63 504.38 19.24 498.34 12.64 12.48 13.48 12.79 10.63 11.33
ngc4303 9.51 9.3 1.06 177.8 354.12 340.38 368.39 37.74 14.09 350.72 4.9 297.99 8.81 8.29 9.16 8.56 6.33 8.62
ngc7456 5.77 6.23 1.06 86.8 18.64 18.05 17.06 0.64 12.98 18.54 9.41 15.04 0.63 0.55 0.58 0.58 0.33 0.64
ngc5134 5.95 7.01 1.05 86.6 35.12 34.89 34.61 2.5 12.95 35.08 12.18 32.57 1.57 1.22 1.29 1.37 0.7 1.53
ngc3521 10.62 8.09 1.04 233.4 603.26 600.12 616.93 32.87 12.12 602.53 10.21 604.72 6.46 5.81 6.07 6.34 2.64 6.3
ngc6300 9.71 12.99 1.07 169.0 300.69 300.43 322.51 33.27 21.67 300.38 26.21 296.6 5.72 5.7 6.27 5.8 3.98 5.41
ngc4826 6.91 6.01 1.06 148.8 287.17 286.25 309.32 36.05 10.69 286.39 19.09 283.9 17.07 15.39 15.89 16.42 9.5 16.6
ngc4951 4.39 5.3 1.07 75.6 28.74 28.22 26.59 1.37 9.09 28.74 8.37 21.76 2.26 1.86 1.98 2.12 0.92 2.22
ngc1385 6.6 8.75 1.09 106.0 79.45 79.38 81.96 7.92 12.61 79.31 28.71 79.18 3.28 2.82 3.0 3.15 1.62 3.24
ngc4781 7.44 9.03 1.05 118.8 67.36 67.3 69.55 5.14 15.23 67.14 22.49 69.66 2.36 2.0 2.12 2.21 0.9 2.3
ngc1365 4.55 3.35 1.06 140.6 249.18 240.72 278.59 63.08 6.21 245.42 4.08 210.23 25.69 22.96 25.85 24.89 18.56 24.67
