1.000000000000000000e+00 9.060000000000000275e-01
2.000000000000000000e+00 8.669999999999999929e-01
3.000000000000000000e+00 7.329999999999999849e-01
4.000000000000000000e+00 6.750000000000000444e-01
5.000000000000000000e+00 5.699999999999999512e-01
1.000000000000000000e+00 8.790000000000000036e-01
2.000000000000000000e+00 7.349999999999999867e-01
3.000000000000000000e+00 6.770000000000000462e-01
4.000000000000000000e+00 6.750000000000000444e-01
5.000000000000000000e+00 5.540000000000000480e-01
1.000000000000000000e+00 1.020999999999999908e+00
2.000000000000000000e+00 8.239999999999999547e-01
3.000000000000000000e+00 7.179999999999999716e-01
4.000000000000000000e+00 6.750000000000000444e-01
5.000000000000000000e+00 5.789999999999999591e-01
