1.571238578388244739e-02 1.965085684992272375e-02
2.893138022457176703e-02 2.857347105486838373e-02
4.283855012787073785e-02 3.618504975895041331e-02
5.677975045067600729e-02 4.204963874546216451e-02
7.119833382822977896e-02 4.517913286946308865e-02
8.233514620979785759e-02 4.438486168228789747e-02
8.280066661396223715e-02 4.470759572293548506e-02
9.763540009385679452e-02 4.988992381122411141e-02
1.073629188593925449e-01 5.220000418576047768e-02
1.296466011700078136e-01 5.374440424427891216e-02
1.356740586228574186e-01 5.811368593072294836e-02
2.341954305503398392e-01 1.120560127625890162e-01
