6.000000000000000000e+00 1.010999999999999899e+00
7.000000000000000000e+00 1.129999999999999893e+00
8.000000000000000000e+00 8.760000000000000009e-01
9.000000000000000000e+00 7.379999999999999893e-01
1.000000000000000000e+01 6.750000000000000444e-01
6.000000000000000000e+00 9.959999999999999964e-01
7.000000000000000000e+00 8.739999999999999991e-01
8.000000000000000000e+00 8.110000000000000542e-01
9.000000000000000000e+00 7.379999999999999893e-01
1.000000000000000000e+01 6.840000000000000524e-01
6.000000000000000000e+00 1.151999999999999913e+00
7.000000000000000000e+00 1.002000000000000002e+00
8.000000000000000000e+00 8.419999999999999707e-01
9.000000000000000000e+00 7.379999999999999893e-01
1.000000000000000000e+01 7.169999999999999707e-01
