1.100000000000000000e+01 7.169999999999999707e-01
1.200000000000000000e+01 6.450000000000000178e-01
1.300000000000000000e+01 5.390000000000000346e-01
1.400000000000000000e+01 4.859999999999999876e-01
1.500000000000000000e+01 4.020000000000000240e-01
1.100000000000000000e+01 6.989999999999999547e-01
1.200000000000000000e+01 5.540000000000000480e-01
1.300000000000000000e+01 5.320000000000000284e-01
1.400000000000000000e+01 4.859999999999999876e-01
1.500000000000000000e+01 4.040000000000000258e-01
1.100000000000000000e+01 7.439999999999999947e-01
1.200000000000000000e+01 6.129999999999999893e-01
1.300000000000000000e+01 5.719999999999999529e-01
1.400000000000000000e+01 4.859999999999999876e-01
1.500000000000000000e+01 4.390000000000000013e-01
