5.708287225225400219e-01 5.682824453779146134e-01 5.657143459902319593e-01 5.185651926737401274e-01 5.133610615124883925e-01 5.060380486839175518e-01
6.182768685625666949e-01 6.149993246849217998e-01 6.103826368046381123e-01 4.342376128113437095e-01 4.270850226470768174e-01 4.204904532540597040e-01
6.572140023653737506e-01 6.509220234314507803e-01 6.451499501112663015e-01 5.181431468905960402e-01 5.048146090032016309e-01 4.953463923940614189e-01
6.347705665611806936e-01 6.292380631557912274e-01 6.241810589371407092e-01 3.997609924753781629e-01 3.900577886068613553e-01 3.796029689773282589e-01
5.810652917832833664e-01 5.760535119588068298e-01 5.690388524215934662e-01 3.473728500264903762e-01 3.365274234697251954e-01 3.239807947058821469e-01
7.743997201086949556e-01 7.696520486699609531e-01 7.654053146539753216e-01 4.620131742201138980e-01 4.481541991711952555e-01 4.367509735349263122e-01
7.657593404447123886e-01 7.605731350446045536e-01 7.543271395356377917e-01 4.173913668317578152e-01 4.003746633702657265e-01 3.869977789663793799e-01
8.123314135094628075e-01 8.060080648151226601e-01 8.000707264778412764e-01 4.456340061716663747e-01 4.287909445304656786e-01 4.082731337637916513e-01
8.805665550090709948e-01 8.689900995909348724e-01 8.612994420027986209e-01 6.130692756689382072e-01 5.823782757922228992e-01 5.474843445193913194e-01
9.230816779097044122e-01 9.143380100806812738e-01 9.040153566519897321e-01 5.990011564107398101e-01 5.519476968959897700e-01 5.244504348979314168e-01
4.302337568656630085e-01 4.281910284908310715e-01 4.262439824925443044e-01 3.462734317385603444e-01 3.432004561717384439e-01 3.392607552462399978e-01
5.322716942014831254e-01 5.290596956047265431e-01 5.268433963439047574e-01 3.653427740000466106e-01 3.577901738032413514e-01 3.500070410351567296e-01
5.976331724961116976e-01 5.936023452393911493e-01 5.910891883147200154e-01 4.554494078412193447e-01 4.407838299719530339e-01 4.271028267374610832e-01
6.000664295771906964e-01 5.960086282205769859e-01 5.927911573886996965e-01 4.201837694675454316e-01 4.044135580058257351e-01 3.902521151607419303e-01
6.010072535288231155e-01 5.967635346880120206e-01 5.927336550367483525e-01 4.450842125878199940e-01 4.272284401241848717e-01 4.030651627896889577e-01
