#x y co10 co21 13co10 13co21 c18o21 1.45GHz b3 b6 halpha ssc_density
151.01325 -6.4829669 0.0 0.0 0.0 0.0 0.0 0.0 0.0 0.0 0.0 0.0
151.01325 -6.4822452 0.0 0.0 0.0 0.0 0.0 0.0 0.0 0.0 0.0 0.0
151.01325 -6.4815235 0.0 0.0 0.0 0.0 0.0 0.0 0.0 0.0 0.0 0.0
151.01325 -6.4808019 0.0 0.0 0.0 0.0 0.0 0.0 0.0 0.0 0.0 0.0
151.01325 -6.4800802 0.0 0.0 0.0 0.0 0.0 0.0 0.0 0.0 0.0 0.01
151.01325 -6.4793585 0.0 0.0 0.0 0.0 0.0 0.0 0.0 0.0 0.0 0.0
151.01325 -6.4786368 0.0 0.0 0.0 0.0 0.0 0.0 0.00261 0.0 0.0 0.0
151.01325 -6.4779151 0.0 0.0 0.0 0.0 0.0 0.0 0.0 0.0 0.0 0.0
151.01325 -6.4771934 0.0 0.0 0.0 0.0 0.0 0.0 0.001723 0.0 0.0 0.0
151.01325 -6.4764717 0.0 0.0 0.0 0.0 0.0 0.0 0.0 0.0 0.0 0.0
151.01325 -6.47575 0.0 0.0 0.0 0.0 0.0 0.0 0.0 0.0 0.0 0.0
151.01325 -6.4750284 0.0 0.0 0.0 0.0 0.0 0.0 0.0 0.0 0.0 0.0
151.01325 -6.4743067 0.0 0.0 0.0 0.0 0.0 0.0 0.0 0.0 0.0 0.0
151.01325 -6.473585 0.0 0.0 0.0 0.0 0.0 0.0 0.0 0.0 0.0 0.0
151.01325 -6.4728633 0.0 0.0 0.0 0.0 0.0 0.0 0.0 0.0 0.0 0.0
151.01325 -6.4721416 0.0 0.0 0.0 0.0 0.0 0.0 0.0 0.0 0.0 0.0
151.01325 -6.4714199 0.0 0.0 0.0 0.0 0.0 0.0 0.0 0.0 0.0 0.0
151.01325 -6.4706982 0.0 0.0 0.0 0.0 0.0 0.0 0.0 0.0 0.0 0.0
151.01325 -6.4699765 0.0 0.0 0.0 0.0 0.0 0.0 0.0 0.0 0.0 0.0
151.01325 -6.4692549 0.0 0.0 0.0 0.0 0.0 0.0 0.0 0.0 0.0 0.0
151.01325 -6.4685332 0.0 0.0 0.0 0.0 0.0 0.0 0.0 0.0 0.0 0.0
151.01325 -6.4678115 0.0 0.0 0.0 0.0 0.0 0.0 0.0 0.0 0.0 0.0
151.01325 -6.4670898 0.0 0.0 0.0 0.0 0.0 0.0 0.0 0.0 0.0 0.0
151.01284 -6.4829669 0.0 0.0 0.0 0.0 0.0 0.0 0.001809 0.0 0.0 0.0
151.01284 -6.4822452 0.0 0.0 0.0 0.0 0.0 0.0 0.0 0.0 0.0 0.0
151.01284 -6.4815235 0.0 0.0 0.0 0.0 0.0 0.0 0.0 0.0 0.0 0.0
151.01284 -6.4808019 0.0 0.0 0.0 0.0 0.0 0.0 0.0 0.0 0.0 0.0
151.01284 -6.4800802 0.0 0.0 0.0 0.0 0.0 0.0 0.0 0.0 0.0 1.05
151.01284 -6.4793585 0.0 0.0 0.0 0.0 0.0 0.0 0.0 0.0 0.0 0.2
151.01284 -6.4786368 0.0 0.0 0.0 0.0 0.0 0.0 0.0 0.0 0.0 0.0
151.01284 -6.4779151 0.0 0.0 0.0 0.0 0.0 0.0 0.0 0.0 0.0 0.0
151.01284 -6.4771934 0.0 0.0 0.0 0.0 0.0 0.0 0.0 0.0 0.0 0.0
151.01284 -6.4764717 0.0 0.0 0.0 0.0 0.0 0.0 0.0 0.0 0.0 0.0
151.01284 -6.47575 0.0 0.0 0.0 0.0 0.0 0.0 0.0 0.0 0.0 0.0
151.01284 -6.4750284 0.0 0.0 0.0 0.0 0.0 0.0 0.0 0.0 0.0 0.0
151.01284 -6.4743067 0.0 0.0 0.0 0.0 0.0 0.0 0.0 0.0 0.0 0.0
151.01284 -6.473585 0.0 0.0 0.0 0.0 0.0 0.0 0.0 0.0 0.0 0.0
151.01284 -6.4728633 0.0 0.0 0.0 0.0 0.0 0.0 0.0 0.0 0.0 0.0
151.01284 -6.4721416 0.0 0.0 0.0 0.0 0.0 0.0 0.0 0.0 0.0 0.0
151.01284 -6.4714199 0.0 0.0 0.0 0.0 0.0 0.0 0.0 0.0 0.0 0.0
151.01284 -6.4706982 0.0 0.0 0.0 0.0 0.0 0.0 0.0 0.0 0.0 0.0
151.01284 -6.4699765 0.0 0.0 0.0 0.0 0.0 0.0 0.0 0.0 0.0 0.0
151.01284 -6.4692549 0.0 0.0 0.0 0.0 0.0 0.0 0.0 0.0 0.0 0.0
151.01284 -6.4685332 0.0 0.0 0.0 0.0 0.0 0.0 0.0 0.0 0.0 0.0
151.01284 -6.4678115 0.0 0.0 0.0 0.0 0.0 0.0 0.0 0.0 0.0 0.0
151.01284 -6.4670898 0.0 0.0 0.0 0.0 0.0 0.0 0.0 0.0 0.0 0.0
151.01242 -6.4829669 0.0 0.0 0.0 0.0 0.0 0.0 0.0 0.0 0.0 0.0
151.01242 -6.4822452 0.0 0.0 0.0 0.0 0.0 0.0 0.0 0.0 0.0 0.0
151.01242 -6.4815235 0.0 0.0 0.0 0.0 0.0 0.0 0.0 0.0 0.0 0.0
151.01242 -6.4808019 0.0 0.0 0.0 0.0 0.0 0.0 0.0 0.0 0.0 0.12
151.01242 -6.4800802 0.0 0.0 0.0 0.0 0.0 0.0 0.0 0.0 0.0 12.59
151.01242 -6.4793585 0.0 0.0 0.0 0.0 0.0 0.0 0.0 0.0 0.0 3.26
151.01242 -6.4786368 0.0 0.0 0.0 0.0 0.0 0.0 0.0 0.0 0.0 0.0
151.01242 -6.4779151 0.0 0.0 0.0 0.0 0.0 0.0 0.0 0.0 0.0 0.02
151.01242 -6.4771934 0.0 0.0 0.0 0.0 0.0 0.0 0.0 0.0 0.0 0.0
151.01242 -6.4764717 0.0 0.0 0.0 0.0 0.0 0.0 0.0 0.0 0.0 0.11
151.01242 -6.47575 0.0 0.0 0.0 0.0 0.0 0.0 0.0 0.0 0.0 0.06
151.01242 -6.4750284 0.0 0.0 0.0 0.0 0.0 0.0 0.0 0.0 0.0 0.05
151.01242 -6.4743067 0.0 0.0 0.0 0.0 0.0 0.0 0.0 0.0 0.0 0.0
151.01242 -6.473585 0.0 0.0 0.0 0.0 0.0 0.0 0.0 0.0 0.0 0.0
151.01242 -6.4728633 0.0 0.0 0.0 0.0 0.0 0.0 0.0 0.0 0.0 0.0
151.01242 -6.4721416 0.0 0.0 0.0 0.0 0.0 0.0 0.0 0.0 0.0 0.0
151.01242 -6.4714199 0.0 0.0 0.0 0.0 0.0 0.0 0.0 0.0 0.0 0.0
151.01242 -6.4706982 0.0 0.0 0.0 0.0 0.0 0.0 0.0 0.0 0.0 0.0
151.01242 -6.4699765 0.0 0.0 0.0 0.0 0.0 0.0 0.0 0.0 0.0 0.0
151.01242 -6.4692549 0.0 0.0 0.0 0.0 0.0 0.0 0.0 0.0 0.0 0.0
151.01242 -6.4685332 0.0 0.0 0.0 0.0 0.0 0.0 0.0 0.0 0.0 0.0
151.01242 -6.4678115 0.0 0.0 0.0 0.0 0.0 0.0 0.0 0.0 0.0 0.0
151.01242 -6.4670898 0.0 0.0 0.0 0.0 0.0 0.0 0.0 0.0 0.0 0.0
151.012 -6.4829669 0.0 0.0 0.0 0.0 0.0 0.0 0.0 0.0 0.0 0.0
151.012 -6.4822452 0.0 0.0 0.0 0.0 0.0 0.0 0.0 0.0 0.0 0.0
151.012 -6.4815235 0.0 0.0 0.0 0.0 0.0 0.0 0.0 0.0 0.0 0.01
151.012 -6.4808019 0.0 0.0 0.0 0.0 0.0 0.0 0.0 0.0 1.1115e-16 0.99
151.012 -6.4800802 0.0 0.0 0.0 0.0 0.0 0.0 0.0 0.0 0.0 17.98
151.012 -6.4793585 0.0 0.0 0.0 0.0 0.0 0.0 0.0 0.0 0.0 5.4
151.012 -6.4786368 0.0 0.0 0.0 0.0 0.0 0.0 0.0 0.0 0.0 1.34
151.012 -6.4779151 0.0 0.0 0.0 0.0 0.0 0.0 0.0 0.0 0.0 4.16
151.012 -6.4771934 0.0 0.0 0.0 0.0 0.0 0.0 0.0 0.0 0.0 0.48
151.012 -6.4764717 0.0 0.0 0.0 0.0 0.0 0.0 0.0 0.0 0.0 5.21
151.012 -6.47575 0.0 0.0 0.0 0.0 0.0 0.0 0.0 0.0 1.7467e-16 7.52
151.012 -6.4750284 0.0 0.0 0.0 0.0 0.0 0.0 0.0 0.0 1.7554e-16 5.99
151.012 -6.4743067 0.0 0.0 0.0 0.0 0.0 0.0 0.0 0.0 0.0 0.33
151.012 -6.473585 0.0 0.0 0.0 0.0 0.0 0.0 0.0 0.0 0.0 0.13
151.012 -6.4728633 0.0 0.0 0.0 0.0 0.0 0.0 0.0 0.0 0.0 0.01
151.012 -6.4721416 0.0 0.0 0.0 0.0 0.0 0.0 0.0 0.0 0.0 0.0
151.012 -6.4714199 0.0 0.0 0.0 0.0 0.0 0.0 0.0 0.0 0.0 0.0
151.012 -6.4706982 0.0 0.0 0.0 0.0 0.0 0.0 0.0 0.0 0.0 0.0
151.012 -6.4699765 0.0 0.0 0.0 0.0 0.0 0.0 0.0 0.0 0.0 0.0
151.012 -6.4692549 0.0 0.0 0.0 0.0 0.0 0.0 0.0 0.0 0.0 0.0
151.012 -6.4685332 0.0 0.0 0.0 0.0 0.0 0.0 0.0 0.0 0.0 0.0
151.012 -6.4678115 0.0 0.0 0.0 0.0 0.0 0.0 0.0 0.0 0.0 0.0
151.012 -6.4670898 0.0 0.0 0.0 0.0 0.0 0.0 0.0 0.0 0.0 0.0
151.01159 -6.4829669 0.0 0.0 0.0 0.0 0.0 0.0 0.001333 0.0 0.0 0.0
151.01159 -6.4822452 0.0 0.0 0.0 0.0 0.0 0.0 0.0 0.0 0.0 0.0
151.01159 -6.4815235 0.0 0.0 0.0 0.0 0.0 0.0 0.0 0.0 0.0 0.81
151.01159 -6.4808019 0.0 0.0 0.0 0.0 0.0 0.0 0.0 0.0 1.6681e-16 8.05
151.01159 -6.4800802 0.0 0.0 0.0 0.0 0.0 0.0 0.0 0.0 1.6034e-16 18.18
151.01159 -6.4793585 0.0 49.275 0.0 0.0 0.0 0.0 0.0 0.0 0.0 5.37
151.01159 -6.4786368 0.0 106.22 0.0 0.0 0.0 0.0 0.0 0.0 2.1024e-16 20.0
151.01159 -6.4779151 36.146 127.032 0.0 0.0 0.0 0.0 0.002553 0.0 3.3351e-16 39.88
151.01159 -6.4771934 35.105 112.709 0.0 9.76 0.0 0.0 0.0 0.0 2.7534e-16 9.05
151.01159 -6.4764717 33.004 97.326 0.0 0.0 0.0 0.0 0.002411 0.0 2.9111e-16 36.46
151.01159 -6.47575 15.396 0.0 0.0 0.0 0.0 0.0 0.0 0.0 7.0381e-16 74.85
151.01159 -6.4750284 0.0 0.0 0.0 0.0 0.0 0.0 0.0 0.0 5.2511e-16 59.63
151.01159 -6.4743067 0.0 0.0 0.0 0.0 0.0 0.0 0.0 0.0 3.0223e-16 10.88
151.01159 -6.473585 0.0 0.0 0.0 0.0 0.0 0.0 0.002987 0.0 1.6319e-16 5.53
151.01159 -6.4728633 0.0 0.0 0.0 0.0 0.0 0.0 0.0 0.0 0.0 0.96
151.01159 -6.4721416 0.0 0.0 0.0 0.0 0.0 0.0 0.0 0.0 0.0 0.0
151.01159 -6.4714199 0.0 0.0 0.0 0.0 0.0 0.0 0.0 0.0 0.0 0.0
151.01159 -6.4706982 0.0 0.0 0.0 0.0 0.0 0.0 0.0 0.0 0.0 0.0
151.01159 -6.4699765 0.0 0.0 0.0 0.0 0.0 0.0 0.0 0.0 0.0 0.0
151.01159 -6.4692549 0.0 0.0 0.0 0.0 0.0 0.0 0.0 0.0 0.0 0.0
151.01159 -6.4685332 0.0 0.0 0.0 0.0 0.0 0.0 0.0 0.0 0.0 0.0
151.01159 -6.4678115 0.0 0.0 0.0 0.0 0.0 0.0 0.0 0.0 0.0 0.0
151.01159 -6.4670898 0.0 0.0 0.0 0.0 0.0 0.0 0.0 0.0 0.0 0.0
151.01117 -6.4829669 0.0 0.0 0.0 0.0 0.0 0.0 0.0 0.0 0.0 0.0
151.01117 -6.4822452 0.0 0.0 0.0 0.0 0.0 0.0 0.0 0.0 0.0 0.04
151.01117 -6.4815235 0.0 0.0 0.0 0.0 0.0 0.0 0.0 0.0 1.1651e-16 16.13
151.01117 -6.4808019 0.0 0.0 0.0 0.0 0.0 0.0 0.0 0.0 3.5496e-16 65.98
151.01117 -6.4800802 0.0 73.198 0.0 0.0 0.0 0.0 0.0 0.005084 5.3634e-16 64.13
151.01117 -6.4793585 58.006 188.732 0.0 8.911 0.0 0.0 0.0 0.006284 5.8464e-16 42.21
151.01117 -6.4786368 90.321 279.928 0.0 13.047 0.0 0.0 0.0 0.006278 6.03e-16 56.45
151.01117 -6.4779151 88.337 268.12 0.0 12.336 0.0 0.0 0.002083 0.004402 8.9076e-16 83.33
151.01117 -6.4771934 67.443 196.616 0.0 13.488 0.0 0.0 0.0 0.0 6.1386e-16 26.15
151.01117 -6.4764717 82.604 215.24 0.0 16.164 0.0 0.0 0.003053 0.0 6.2914e-16 87.04
151.01117 -6.47575 49.503 146.9 0.0 7.467 0.0 0.0 0.0 0.004294 1.44093e-15 187.3
151.01117 -6.4750284 15.914 63.295 0.0 0.0 0.0 0.0 0.0 0.0 1.12248e-15 182.18
151.01117 -6.4743067 16.681 68.442 0.0 0.0 0.0 0.0 0.0 0.0 7.4656e-16 71.49
151.01117 -6.473585 20.552 49.692 0.0 0.0 0.0 0.0 0.0 0.0 6.8412e-16 40.25
151.01117 -6.4728633 0.0 0.0 0.0 0.0 0.0 0.0 0.0 0.0 4.1271e-16 14.28
151.01117 -6.4721416 0.0 0.0 0.0 0.0 0.0 0.0 0.0 0.0 0.0 0.05
151.01117 -6.4714199 0.0 0.0 0.0 0.0 0.0 0.0 0.0 0.0 0.0 0.0
151.01117 -6.4706982 0.0 0.0 0.0 0.0 0.0 0.0 0.0 0.0 0.0 0.0
151.01117 -6.4699765 0.0 0.0 0.0 0.0 0.0 0.0 0.0 0.0 0.0 0.0
151.01117 -6.4692549 0.0 0.0 0.0 0.0 0.0 0.0 0.0 0.0 0.0 0.0
151.01117 -6.4685332 0.0 0.0 0.0 0.0 0.0 0.0 0.0 0.0 0.0 0.0
151.01117 -6.4678115 0.0 0.0 0.0 0.0 0.0 0.0 0.0 0.0 0.0 0.0
151.01117 -6.4670898 0.0 0.0 0.0 0.0 0.0 0.0 0.0 0.0 0.0 0.0
151.01075 -6.4829669 0.0 0.0 0.0 0.0 0.0 0.0 0.0 0.0 0.0 0.0
151.01075 -6.4822452 0.0 0.0 0.0 0.0 0.0 0.0 0.0 0.0 0.0 0.25
151.01075 -6.4815235 0.0 0.0 0.0 0.0 0.0 0.0 0.0 0.0 2.8544e-16 37.75
151.01075 -6.4808019 17.583 75.682 0.0 0.0 0.0 0.0 0.0 0.0 9.6812e-16 169.36
151.01075 -6.4800802 41.314 154.042 0.0 0.0 0.0 0.0 0.0 0.008009 1.62562e-15 141.74
151.01075 -6.4793585 89.592 268.726 0.0 16.223 0.0 0.0 0.0 0.00962 2.53253e-15 70.87
151.01075 -6.4786368 75.577 218.27 0.0 8.336 0.0 0.0 0.0 0.0 6.7485e-16 29.23
151.01075 -6.4779151 56.521 165.451 0.0 0.0 0.0 0.0 0.0 0.0 5.6843e-16 34.0
151.01075 -6.4771934 40.706 111.559 0.0 0.0 0.0 0.0 0.0 0.0 4.2555e-16 21.39
151.01075 -6.4764717 66.094 162.166 0.0 0.0 0.0 0.0 0.003921 0.0 4.5188e-16 106.15
151.01075 -6.47575 67.74 193.263 0.0 6.797 0.0 0.0 0.0 0.004025 8.7259e-16 157.28
151.01075 -6.4750284 63.458 195.429 0.0 0.0 0.0 0.0 0.002424 0.0 9.9716e-16 211.44
151.01075 -6.4743067 32.834 89.46 0.0 0.0 0.0 0.0 0.0 0.0 8.92e-16 104.19
151.01075 -6.473585 29.979 95.561 0.0 0.0 0.0 0.0 0.0 0.0 1.25328e-15 91.18
151.01075 -6.4728633 0.0 0.0 0.0 0.0 0.0 0.0 0.0 0.0 7.9121e-16 26.4
151.01075 -6.4721416 0.0 0.0 0.0 0.0 0.0 0.0 0.0 0.0 1.4218e-16 2.24
151.01075 -6.4714199 0.0 0.0 0.0 0.0 0.0 0.0 0.0 0.0 0.0 0.05
151.01075 -6.4706982 0.0 0.0 0.0 0.0 0.0 0.0 0.0 0.0 0.0 0.0
151.01075 -6.4699765 0.0 0.0 0.0 0.0 0.0 0.0 0.0 0.0 0.0 0.0
151.01075 -6.4692549 0.0 0.0 0.0 0.0 0.0 0.0 0.0 0.0 0.0 0.0
151.01075 -6.4685332 0.0 0.0 0.0 0.0 0.0 0.0 0.0 0.0 0.0 0.0
151.01075 -6.4678115 0.0 0.0 0.0 0.0 0.0 0.0 0.0 0.0 0.0 0.0
151.01075 -6.4670898 0.0 0.0 0.0 0.0 0.0 0.0 0.0 0.0 0.0 0.0
151.01034 -6.4829669 0.0 0.0 0.0 0.0 0.0 0.0 0.0 0.0 0.0 0.0
151.01034 -6.4822452 0.0 0.0 0.0 0.0 0.0 0.0 0.0 0.0 0.0 1.59
151.01034 -6.4815235 41.597 123.875 0.0 9.613 0.0 0.0 0.0 0.0 7.6873e-16 64.27
151.01034 -6.4808019 38.413 137.222 0.0 9.014 0.0 0.0 0.0 0.004769 1.98209e-15 131.28
151.01034 -6.4800802 45.107 153.739 0.0 9.174 0.0 0.0 0.0 0.0 2.17338e-15 100.92
151.01034 -6.4793585 68.302 175.551 0.0 0.0 0.0 0.0 0.0 0.0 2.6393e-15 32.19
151.01034 -6.4786368 38.085 87.03 0.0 0.0 0.0 0.0 0.0 0.0 4.1273e-16 2.59
151.01034 -6.4779151 23.589 60.43 0.0 0.0 0.0 0.0 0.0 0.0 2.2321e-16 2.63
151.01034 -6.4771934 19.812 50.987 0.0 0.0 0.0 0.0 0.0 0.0 2.2075e-16 33.59
151.01034 -6.4764717 39.891 115.302 0.0 0.0 0.0 0.0 0.0 0.0 2.6409e-16 88.89
151.01034 -6.47575 91.241 271.563 0.0 0.0 0.0 0.0 0.0 0.004058 3.511e-16 84.7
151.01034 -6.4750284 173.984 515.507 0.0 19.03 0.0 0.0 0.004043 0.0 6.6935e-16 174.34
151.01034 -6.4743067 88.757 248.918 0.0 12.239 0.0 0.0 0.0 0.0 7.3413e-16 135.53
151.01034 -6.473585 29.49 111.752 0.0 5.275 0.0 0.0 0.0 0.0 1.10177e-15 155.5
151.01034 -6.4728633 0.0 0.0 0.0 0.0 0.0 0.0 0.0 0.0 7.228e-16 56.65
151.01034 -6.4721416 0.0 0.0 0.0 0.0 0.0 0.0 0.0 0.0 2.3391e-16 21.82
151.01034 -6.4714199 0.0 0.0 0.0 0.0 0.0 0.0 0.0 0.0 1.4885e-16 5.13
151.01034 -6.4706982 0.0 0.0 0.0 0.0 0.0 0.0 0.0 0.0 0.0 0.18
151.01034 -6.4699765 0.0 0.0 0.0 0.0 0.0 0.0 0.0 0.0 0.0 0.0
151.01034 -6.4692549 0.0 0.0 0.0 0.0 0.0 0.0 0.0 0.0 0.0 0.0
151.01034 -6.4685332 0.0 0.0 0.0 0.0 0.0 0.0 0.0 0.0 0.0 0.0
151.01034 -6.4678115 0.0 0.0 0.0 0.0 0.0 0.0 0.0 0.0 0.0 0.0
151.01034 -6.4670898 0.0 0.0 0.0 0.0 0.0 0.0 0.0 0.0 0.0 0.0
151.00992 -6.4829669 0.0 0.0 0.0 0.0 0.0 0.0 0.0 0.0 0.0 0.0
151.00992 -6.4822452 22.703 68.315 0.0 4.27 0.0 0.0 0.0 0.0 1.3861e-16 2.6
151.00992 -6.4815235 54.775 154.864 0.0 12.444 0.0 0.0 0.0 0.0 1.00588e-15 65.28
151.00992 -6.4808019 38.534 124.635 0.0 9.393 0.0 0.0 0.0 0.0 1.79467e-15 31.72
151.00992 -6.4800802 30.707 86.402 0.0 0.0 0.0 0.0 0.0 0.0 1.11723e-15 16.04
151.00992 -6.4793585 39.894 63.145 0.0 0.0 0.0 0.0 0.0 0.0 6.2071e-16 1.42
151.00992 -6.4786368 24.468 31.436 0.0 0.0 0.0 0.0 0.0 0.0 1.7144e-16 0.02
151.00992 -6.4779151 12.327 0.0 0.0 0.0 0.0 0.0 0.0 0.0 1.3404e-16 1.95
151.00992 -6.4771934 0.0 0.0 0.0 0.0 0.0 0.0 0.0 0.0 1.7685e-16 53.19
151.00992 -6.4764717 21.555 84.698 0.0 0.0 0.0 0.0 0.0 0.0 2.0553e-16 39.05
151.00992 -6.47575 74.582 287.132 0.0 0.0 0.0 0.0 0.0 0.005054 3.0297e-16 37.61
151.00992 -6.4750284 223.594 698.09 0.0 23.21 0.0 0.0 0.003884 0.010111 5.5707e-16 118.22
151.00992 -6.4743067 199.1 613.068 3.271 27.963 0.0 0.0 0.0 0.00983 7.7654e-16 206.67
151.00992 -6.473585 24.441 110.244 0.0 0.0 0.0 0.0 0.0 0.0 7.1934e-16 155.06
151.00992 -6.4728633 0.0 0.0 0.0 0.0 0.0 0.0 0.0 0.0 5.4542e-16 78.15
151.00992 -6.4721416 0.0 0.0 0.0 0.0 0.0 0.0 0.0 0.0 2.7628e-16 68.17
151.00992 -6.4714199 0.0 0.0 0.0 0.0 0.0 0.0 0.0 0.0 3.9382e-16 50.41
151.00992 -6.4706982 0.0 0.0 0.0 0.0 0.0 0.0 0.0 0.0 0.0 2.59
151.00992 -6.4699765 0.0 0.0 0.0 0.0 0.0 0.0 0.0 0.0 0.0 0.0
151.00992 -6.4692549 0.0 0.0 0.0 0.0 0.0 0.0 0.0 0.0 0.0 0.0
151.00992 -6.4685332 0.0 0.0 0.0 0.0 0.0 0.0 0.0 0.0 0.0 0.0
151.00992 -6.4678115 0.0 0.0 0.0 0.0 0.0 0.0 0.0 0.0 0.0 0.0
151.00992 -6.4670898 0.0 0.0 0.0 0.0 0.0 0.0 0.0 0.0 0.0 0.0
151.0095 -6.4829669 0.0 0.0 0.0 0.0 0.0 0.0 0.0 0.0 0.0 0.0
151.0095 -6.4822452 30.084 70.783 0.0 0.0 0.0 0.0 0.0 0.0 1.9141e-16 0.31
151.0095 -6.4815235 54.581 137.959 0.0 6.581 0.0 0.0 0.0 0.0 5.4415e-16 14.35
151.0095 -6.4808019 28.803 81.902 0.0 0.0 0.0 0.0 0.0 0.0 7.2805e-16 2.13
151.0095 -6.4800802 16.523 0.0 0.0 0.0 0.0 0.0 0.0 0.0 2.6894e-16 0.21
151.0095 -6.4793585 21.716 0.0 0.0 0.0 0.0 0.0 0.0 0.0 1.3226e-16 0.0
151.0095 -6.4786368 14.059 0.0 0.0 0.0 0.0 0.0 0.0 0.0 1.09e-16 0.0
151.0095 -6.4779151 0.0 0.0 0.0 0.0 0.0 0.0 0.0 0.0 8.71e-17 1.55
151.0095 -6.4771934 0.0 0.0 0.0 0.0 0.0 0.0 0.0 0.0 1.173e-16 37.8
151.0095 -6.4764717 20.475 92.82 0.0 0.0 0.0 0.0 0.0 0.0 1.5571e-16 8.57
151.0095 -6.47575 75.413 303.124 0.0 0.0 0.0 0.0169 0.0 0.005683 3.931e-16 24.46
151.0095 -6.4750284 225.428 748.684 0.0 32.39 0.0 0.03355 0.003058 0.012222 1.24163e-15 79.73
151.0095 -6.4743067 341.937 1024.944 7.619 52.456 0.0 0.04944 0.003104 0.01761 1.70876e-15 282.04
151.0095 -6.473585 46.972 166.063 0.0 0.0 0.0 0.0 0.0 0.0 6.8656e-16 174.17
151.0095 -6.4728633 0.0 29.188 0.0 0.0 0.0 0.0 0.0 0.0 3.792e-16 41.3
151.0095 -6.4721416 0.0 29.794 0.0 0.0 0.0 0.0 0.0 0.0 4.8498e-16 126.05
151.0095 -6.4714199 0.0 0.0 0.0 0.0 0.0 0.0 0.0 0.0 9.6418e-16 128.74
151.0095 -6.4706982 0.0 0.0 0.0 0.0 0.0 0.0 0.0 0.0 1.8859e-16 7.17
151.0095 -6.4699765 0.0 0.0 0.0 0.0 0.0 0.0 0.0 0.0 0.0 0.01
151.0095 -6.4692549 0.0 0.0 0.0 0.0 0.0 0.0 0.0 0.0 0.0 0.0
151.0095 -6.4685332 0.0 0.0 0.0 0.0 0.0 0.0 0.0 0.0 0.0 0.0
151.0095 -6.4678115 0.0 0.0 0.0 0.0 0.0 0.0 0.0 0.0 0.0 0.0
151.0095 -6.4670898 0.0 0.0 0.0 0.0 0.0 0.0 0.0 0.0 0.0 0.0
151.00909 -6.4829669 0.0 0.0 0.0 0.0 0.0 0.0 0.0 0.0 0.0 0.11
151.00909 -6.4822452 29.062 68.375 0.0 0.0 0.0 0.0 0.0 0.0 1.9008e-16 0.05
151.00909 -6.4815235 46.12 99.77 0.0 0.0 0.0 0.0 0.0 0.0 1.9794e-16 0.5
151.00909 -6.4808019 25.135 53.924 0.0 0.0 0.0 0.0 0.0 0.0 3.1872e-16 0.03
151.00909 -6.4800802 0.0 0.0 0.0 0.0 0.0 0.0 0.0 0.0 1.1592e-16 0.0
151.00909 -6.4793585 9.88 0.0 0.0 0.0 0.0 0.0 0.0 0.0 0.0 0.0
151.00909 -6.4786368 0.0 0.0 0.0 0.0 0.0 0.0 0.0 0.0 9.255e-17 0.23
151.00909 -6.4779151 0.0 0.0 0.0 0.0 0.0 0.0 0.0 0.0 0.0 1.38
151.00909 -6.4771934 0.0 0.0 0.0 0.0 0.0 0.0 0.0 0.0 0.0 24.52
151.00909 -6.4764717 51.057 177.653 0.0 0.0 0.0 0.0 0.0 0.0 0.0 29.46
151.00909 -6.47575 201.142 617.502 0.0 31.035 0.0 0.03873 0.001994 0.010855 5.2021e-16 96.77
151.00909 -6.4750284 461.137 1476.166 21.477 106.898 0.0 0.08564 0.00958 0.037022 2.62677e-15 177.58
151.00909 -6.4743067 516.455 1543.298 23.752 94.393 19.387 0.08127 0.007283 0.029699 2.61885e-15 331.82
151.00909 -6.473585 92.722 268.409 0.0 0.0 0.0 0.0 0.0 0.0 9.8338e-16 213.19
151.00909 -6.4728633 36.213 84.498 0.0 3.558 0.0 0.0 0.0 0.0 3.5215e-16 39.23
151.00909 -6.4721416 23.578 67.101 0.0 0.0 0.0 0.0 0.0 0.0 8.7239e-16 127.83
151.00909 -6.4714199 10.99 0.0 0.0 0.0 0.0 0.0 0.0 0.0 1.23668e-15 112.04
151.00909 -6.4706982 0.0 0.0 0.0 0.0 0.0 0.0 0.0 0.0 2.3474e-16 11.17
151.00909 -6.4699765 0.0 0.0 0.0 0.0 0.0 0.0 0.0 0.0 0.0 0.41
151.00909 -6.4692549 0.0 0.0 0.0 0.0 0.0 0.0 0.0 0.0 0.0 0.14
151.00909 -6.4685332 0.0 0.0 0.0 0.0 0.0 0.0 0.0 0.0 0.0 0.0
151.00909 -6.4678115 0.0 0.0 0.0 0.0 0.0 0.0 0.0 0.0 0.0 0.0
151.00909 -6.4670898 0.0 0.0 0.0 0.0 0.0 0.0 0.0 0.0 0.0 0.0
151.00867 -6.4829669 0.0 0.0 0.0 0.0 0.0 0.0 0.0 0.0 1.0531e-16 5.35
151.00867 -6.4822452 0.0 0.0 0.0 0.0 0.0 0.0 0.0 0.0 2.3182e-16 2.83
151.00867 -6.4815235 20.269 39.697 0.0 0.0 0.0 0.0 0.0 0.0 1.1031e-16 0.0
151.00867 -6.4808019 17.117 0.0 0.0 0.0 0.0 0.0 0.0 0.0 1.9926e-16 0.0
151.00867 -6.4800802 0.0 0.0 0.0 0.0 0.0 0.0 0.001749 0.0 0.0 0.0
151.00867 -6.4793585 0.0 0.0 0.0 0.0 0.0 0.0 0.0 0.0 0.0 0.04
151.00867 -6.4786368 0.0 0.0 0.0 0.0 0.0 0.0 0.0 0.0 0.0 5.98
151.00867 -6.4779151 0.0 0.0 0.0 0.0 0.0 0.0 0.0 0.0 1.4832e-16 2.33
151.00867 -6.4771934 0.0 40.14 0.0 0.0 0.0 0.0 0.0 0.0 0.0 12.08
151.00867 -6.4764717 85.752 267.242 0.0 10.797 0.0 0.0 0.0 0.0 1.4565e-16 81.28
151.00867 -6.47575 346.496 1027.938 16.989 61.814 0.0 0.06279 0.003434 0.017791 8.1289e-16 256.28
151.00867 -6.4750284 627.893 1955.683 37.928 149.631 43.719 0.11882 0.014032 0.050835 2.9795e-15 265.09
151.00867 -6.4743067 553.672 1661.787 34.757 111.76 29.927 0.08584 0.010706 0.032992 2.74162e-15 293.55
151.00867 -6.473585 109.202 310.067 0.0 13.04 0.0 0.0 0.0 0.0 1.7229e-15 202.54
151.00867 -6.4728633 50.922 117.336 0.0 4.93 0.0 0.0 0.0 0.0 5.047e-16 26.16
151.00867 -6.4721416 26.747 61.845 0.0 0.0 0.0 0.0 0.0 0.0 5.8248e-16 56.41
151.00867 -6.4714199 14.278 0.0 0.0 0.0 0.0 0.0 0.0 0.0 5.6879e-16 31.77
151.00867 -6.4706982 0.0 0.0 0.0 0.0 0.0 0.0 0.0 0.0 2.7592e-16 20.83
151.00867 -6.4699765 0.0 0.0 0.0 0.0 0.0 0.0 0.0 0.0 1.7721e-16 4.26
151.00867 -6.4692549 0.0 0.0 0.0 0.0 0.0 0.0 0.0 0.0 0.0 5.21
151.00867 -6.4685332 0.0 0.0 0.0 0.0 0.0 0.0 0.0 0.0 0.0 0.01
151.00867 -6.4678115 0.0 0.0 0.0 0.0 0.0 0.0 0.0 0.0 0.0 0.0
151.00867 -6.4670898 0.0 0.0 0.0 0.0 0.0 0.0 0.0 0.0 0.0 0.0
151.00825 -6.4829669 0.0 0.0 0.0 0.0 0.0 0.0 0.0 0.0 1.3652e-16 27.24
151.00825 -6.4822452 0.0 0.0 0.0 0.0 0.0 0.0 0.0 0.0 2.0293e-16 12.12
151.00825 -6.4815235 0.0 0.0 0.0 0.0 0.0 0.0 0.0 0.0 1.0711e-16 0.01
151.00825 -6.4808019 0.0 0.0 0.0 0.0 0.0 0.0 0.0 0.0 1.3223e-16 0.0
151.00825 -6.4800802 0.0 0.0 0.0 0.0 0.0 0.0 0.0 0.0 0.0 0.0
151.00825 -6.4793585 0.0 0.0 0.0 0.0 0.0 0.0 0.0 0.0 0.0 0.21
151.00825 -6.4786368 12.007 23.158 0.0 0.0 0.0 0.0 0.0 0.0 1.3927e-16 17.38
151.00825 -6.4779151 0.0 0.0 0.0 0.0 0.0 0.0 0.0 0.0 1.7858e-16 6.14
151.00825 -6.4771934 11.552 34.142 0.0 0.0 0.0 0.0 0.0 0.0 0.0 1.08
151.00825 -6.4764717 59.339 181.654 0.0 0.0 0.0 0.0 0.0 0.0 2.1433e-16 75.04
151.00825 -6.47575 380.241 1124.19 12.467 61.812 0.0 0.059 0.003148 0.016225 1.01394e-15 366.15
151.00825 -6.4750284 385.288 1167.356 0.0 68.751 0.0 0.06085 0.006653 0.022466 1.93417e-15 283.02
151.00825 -6.4743067 310.299 927.888 14.378 55.615 0.0 0.04097 0.005516 0.015697 2.28831e-15 190.56
151.00825 -6.473585 80.673 225.701 0.0 9.914 0.0 0.0 0.0 0.0 1.7383e-15 132.93
151.00825 -6.4728633 63.318 131.693 0.0 0.0 0.0 0.0 0.0 0.0 6.2186e-16 11.72
151.00825 -6.4721416 29.409 52.77 0.0 0.0 0.0 0.0 0.0 0.0 1.7349e-16 5.23
151.00825 -6.4714199 19.45 28.146 0.0 0.0 0.0 0.0 0.0 0.0 1.7374e-16 3.01
151.00825 -6.4706982 0.0 0.0 0.0 0.0 0.0 0.0 0.0 0.0 1.5968e-16 12.89
151.00825 -6.4699765 0.0 0.0 0.0 0.0 0.0 0.0 0.0 0.0 1.6446e-16 10.17
151.00825 -6.4692549 0.0 0.0 0.0 0.0 0.0 0.0 0.0 0.0 0.0 14.24
151.00825 -6.4685332 0.0 0.0 0.0 0.0 0.0 0.0 0.0 0.0 0.0 0.03
151.00825 -6.4678115 0.0 0.0 0.0 0.0 0.0 0.0 0.0 0.0 0.0 0.0
151.00825 -6.4670898 0.0 0.0 0.0 0.0 0.0 0.0 0.0 0.0 0.0 0.0
151.00784 -6.4829669 0.0 0.0 0.0 0.0 0.0 0.0 0.0 0.0 1.0268e-16 23.09
151.00784 -6.4822452 13.069 0.0 0.0 0.0 0.0 0.0 0.0 0.0 2.2387e-16 8.31
151.00784 -6.4815235 0.0 0.0 0.0 0.0 0.0 0.0 0.0 0.0 0.0 0.0
151.00784 -6.4808019 0.0 0.0 0.0 0.0 0.0 0.0 0.0 0.0 0.0 0.0
151.00784 -6.4800802 0.0 0.0 0.0 0.0 0.0 0.0 0.0 0.0 0.0 0.0
151.00784 -6.4793585 9.708 0.0 0.0 0.0 0.0 0.0 0.0 0.0 0.0 0.08
151.00784 -6.4786368 0.0 0.0 0.0 0.0 0.0 0.0 0.0 0.0 1.7259e-16 9.45
151.00784 -6.4779151 0.0 0.0 0.0 0.0 0.0 0.0 0.0 0.0 1.3564e-16 2.31
151.00784 -6.4771934 11.983 25.047 0.0 0.0 0.0 0.0 0.0 0.0 0.0 0.28
151.00784 -6.4764717 21.017 69.18 0.0 0.0 0.0 0.0 0.0 0.0 2.6768e-16 41.77
151.00784 -6.47575 230.87 680.654 0.0 31.582 0.0 0.03023 0.002057 0.007444 8.3609e-16 251.98
151.00784 -6.4750284 277.194 775.514 0.0 26.271 0.0 0.03125 0.0 0.007398 1.40871e-15 205.85
151.00784 -6.4743067 154.723 416.814 0.0 13.264 0.0 0.0 0.0 0.0 1.17809e-15 47.55
151.00784 -6.473585 76.589 182.839 0.0 0.0 0.0 0.0 0.0 0.0 8.0659e-16 62.47
151.00784 -6.4728633 56.729 109.527 0.0 0.0 0.0 0.0 0.0 0.0 3.6659e-16 5.86
151.00784 -6.4721416 32.907 60.122 0.0 0.0 0.0 0.0 0.0 0.0 1.5087e-16 0.06
151.00784 -6.4714199 18.692 34.685 0.0 0.0 0.0 0.0 0.0 0.0 1.3079e-16 9.87
151.00784 -6.4706982 0.0 0.0 0.0 0.0 0.0 0.0 0.0 0.0 1.5416e-16 16.93
151.00784 -6.4699765 0.0 0.0 0.0 0.0 0.0 0.0 0.0 0.0 1.7402e-16 4.64
151.00784 -6.4692549 0.0 0.0 0.0 0.0 0.0 0.0 0.0 0.0 0.0 7.34
151.00784 -6.4685332 0.0 0.0 0.0 0.0 0.0 0.0 0.0 0.0 0.0 0.01
151.00784 -6.4678115 0.0 0.0 0.0 0.0 0.0 0.0 0.0 0.0 0.0 0.0
151.00784 -6.4670898 0.0 0.0 0.0 0.0 0.0 0.0 0.0 0.0 0.0 0.0
151.00742 -6.4829669 0.0 0.0 0.0 0.0 0.0 0.0 0.0 0.0 7.575e-17 3.79
151.00742 -6.4822452 13.494 0.0 0.0 0.0 0.0 0.0 0.0 0.0 2.2735e-16 0.81
151.00742 -6.4815235 13.878 0.0 0.0 0.0 0.0 0.0 0.0 0.0 1.6355e-16 0.0
151.00742 -6.4808019 0.0 0.0 0.0 0.0 0.0 0.0 0.0 0.0 0.0 0.0
151.00742 -6.4800802 0.0 0.0 0.0 0.0 0.0 0.0 0.0 0.0 0.0 0.0
151.00742 -6.4793585 0.0 0.0 0.0 0.0 0.0 0.0 0.0 0.0 0.0 0.0
151.00742 -6.4786368 0.0 0.0 0.0 0.0 0.0 0.0 0.0 0.0 0.0 0.71
151.00742 -6.4779151 0.0 0.0 0.0 0.0 0.0 0.0 0.0 0.0 0.0 0.12
151.00742 -6.4771934 13.879 28.881 0.0 0.0 0.0 0.0 0.0 0.0 1.0303e-16 2.59
151.00742 -6.4764717 10.613 30.296 0.0 0.0 0.0 0.0 0.0 0.0 3.4699e-16 61.32
151.00742 -6.47575 72.651 240.174 0.0 0.0 0.0 0.0 0.0 0.0 7.2185e-16 122.78
151.00742 -6.4750284 197.575 545.854 0.0 13.573 0.0 0.02152 0.0 0.0 9.8419e-16 182.86
151.00742 -6.4743067 164.813 417.306 0.0 9.606 0.0 0.01907 0.0 0.0 8.6504e-16 51.61
151.00742 -6.473585 76.121 174.399 0.0 0.0 0.0 0.0 0.0 0.0 5.0537e-16 44.2
151.00742 -6.4728633 37.932 78.336 0.0 0.0 0.0 0.0 0.0 0.0 3.74e-16 8.69
151.00742 -6.4721416 19.432 50.476 0.0 0.0 0.0 0.0 0.0 0.0 1.5308e-16 0.02
151.00742 -6.4714199 15.322 35.06 0.0 0.0 0.0 0.0 0.0 0.0 1.4192e-16 17.45
151.00742 -6.4706982 0.0 0.0 0.0 0.0 0.0 0.0 0.0 0.0 1.9216e-16 27.42
151.00742 -6.4699765 0.0 0.0 0.0 0.0 0.0 0.0 0.0 0.0 2.332e-16 2.97
151.00742 -6.4692549 0.0 0.0 0.0 0.0 0.0 0.0 0.0 0.0 0.0 0.48
151.00742 -6.4685332 0.0 0.0 0.0 0.0 0.0 0.0 0.0 0.0 0.0 0.0
151.00742 -6.4678115 0.0 0.0 0.0 0.0 0.0 0.0 0.0 0.0 0.0 0.0
151.00742 -6.4670898 0.0 0.0 0.0 0.0 0.0 0.0 0.0 0.0 0.0 0.0
151.007 -6.4829669 0.0 0.0 0.0 0.0 0.0 0.0 0.0 0.0 0.0 0.03
151.007 -6.4822452 0.0 0.0 0.0 0.0 0.0 0.0 0.0 0.0 1.3232e-16 0.01
151.007 -6.4815235 0.0 0.0 0.0 0.0 0.0 0.0 0.0 0.0 1.4183e-16 0.0
151.007 -6.4808019 0.0 0.0 0.0 0.0 0.0 0.0 0.0 0.0 0.0 0.0
151.007 -6.4800802 0.0 0.0 0.0 0.0 0.0 0.0 0.0 0.0 0.0 0.0
151.007 -6.4793585 0.0 0.0 0.0 0.0 0.0 0.0 0.0 0.0 0.0 0.0
151.007 -6.4786368 0.0 0.0 0.0 0.0 0.0 0.0 0.0 0.0 0.0 0.0
151.007 -6.4779151 0.0 0.0 0.0 0.0 0.0 0.0 0.0 0.0 0.0 0.0
151.007 -6.4771934 19.42 41.233 0.0 0.0 0.0 0.0 0.0 0.0 1.356e-16 5.03
151.007 -6.4764717 14.088 34.758 0.0 0.0 0.0 0.0 0.0 0.0 4.8744e-16 73.38
151.007 -6.47575 19.15 74.194 0.0 0.0 0.0 0.0 0.0 0.0 6.6106e-16 53.24
151.007 -6.4750284 95.129 302.991 0.0 8.023 0.0 0.0 0.0 0.0 8.2797e-16 235.38
151.007 -6.4743067 127.031 355.273 0.0 9.368 0.0 0.02137 0.0 0.00482 1.30167e-15 176.21
151.007 -6.473585 105.067 296.189 0.0 0.0 0.0 0.02315 0.0 0.0 7.5825e-16 49.26
151.007 -6.4728633 44.63 133.482 0.0 0.0 0.0 0.0 0.0 0.0 3.3632e-16 2.64
151.007 -6.4721416 25.089 86.224 0.0 0.0 0.0 0.0 0.0 0.0 1.907e-16 0.01
151.007 -6.4714199 0.0 0.0 0.0 0.0 0.0 0.0 0.0 0.0 1.6921e-16 5.74
151.007 -6.4706982 0.0 0.0 0.0 0.0 0.0 0.0 0.0 0.0 2.0208e-16 12.14
151.007 -6.4699765 0.0 0.0 0.0 0.0 0.0 0.0 0.0 0.0 3.3875e-16 20.24
151.007 -6.4692549 0.0 0.0 0.0 0.0 0.0 0.0 0.0 0.0 0.0 0.9
151.007 -6.4685332 0.0 0.0 0.0 0.0 0.0 0.0 0.0 0.0 0.0 0.0
151.007 -6.4678115 0.0 0.0 0.0 0.0 0.0 0.0 0.0 0.0 0.0 0.0
151.007 -6.4670898 0.0 0.0 0.0 0.0 0.0 0.0 0.0 0.0 0.0 0.0
151.00659 -6.4829669 0.0 0.0 0.0 0.0 0.0 0.0 0.0 0.0 0.0 0.0
151.00659 -6.4822452 0.0 0.0 0.0 0.0 0.0 0.0 0.0 0.0 0.0 0.0
151.00659 -6.4815235 0.0 0.0 0.0 0.0 0.0 0.0 0.0 0.0 0.0 0.0
151.00659 -6.4808019 0.0 0.0 0.0 0.0 0.0 0.0 0.0 0.0 0.0 0.0
151.00659 -6.4800802 0.0 0.0 0.0 0.0 0.0 0.0 0.0 0.0 0.0 0.0
151.00659 -6.4793585 0.0 0.0 0.0 0.0 0.0 0.0 0.0 0.0 0.0 0.0
151.00659 -6.4786368 0.0 0.0 0.0 0.0 0.0 0.0 0.0 0.0 0.0 0.0
151.00659 -6.4779151 0.0 0.0 0.0 0.0 0.0 0.0 0.0 0.0 0.0 0.21
151.00659 -6.4771934 19.628 39.269 0.0 0.0 0.0 0.0 0.0 0.0 2.1176e-16 12.35
151.00659 -6.4764717 13.601 28.555 0.0 0.0 0.0 0.0 0.0 0.0 4.467e-16 53.71
151.00659 -6.47575 13.411 35.565 0.0 0.0 0.0 0.0 0.0 0.0 6.0502e-16 33.92
151.00659 -6.4750284 42.464 144.782 0.0 5.949 0.0 0.0 0.002224 0.0 9.1042e-16 205.39
151.00659 -6.4743067 104.109 339.816 0.0 14.348 0.0 0.0234 0.003032 0.007962 1.97794e-15 267.68
151.00659 -6.473585 177.809 552.223 0.0 24.672 0.0 0.03065 0.0 0.010909 2.16454e-15 118.58
151.00659 -6.4728633 69.451 214.635 0.0 6.987 0.0 0.0 0.0 0.00748 6.3754e-16 3.43
151.00659 -6.4721416 39.477 121.744 0.0 0.0 0.0 0.0 0.0 0.0 3.3404e-16 0.66
151.00659 -6.4714199 13.568 0.0 0.0 0.0 0.0 0.0 0.0 0.0 3.0312e-16 3.02
151.00659 -6.4706982 0.0 0.0 0.0 0.0 0.0 0.0 0.0 0.0 2.2252e-16 7.4
151.00659 -6.4699765 0.0 0.0 0.0 0.0 0.0 0.0 0.0 0.0 3.0915e-16 35.33
151.00659 -6.4692549 0.0 0.0 0.0 0.0 0.0 0.0 0.0 0.0 0.0 1.3
151.00659 -6.4685332 0.0 0.0 0.0 0.0 0.0 0.0 0.0 0.0 0.0 0.0
151.00659 -6.4678115 0.0 0.0 0.0 0.0 0.0 0.0 0.0 0.0 0.0 0.0
151.00659 -6.4670898 0.0 0.0 0.0 0.0 0.0 0.0 0.002775 0.0 0.0 0.01
151.00617 -6.4829669 0.0 0.0 0.0 0.0 0.0 0.0 0.0 0.0 0.0 0.0
151.00617 -6.4822452 0.0 0.0 0.0 0.0 0.0 0.0 0.0 0.0 0.0 0.0
151.00617 -6.4815235 0.0 0.0 0.0 0.0 0.0 0.0 0.0 0.0 0.0 0.0
151.00617 -6.4808019 0.0 0.0 0.0 0.0 0.0 0.0 0.0 0.0 0.0 0.0
151.00617 -6.4800802 0.0 0.0 0.0 0.0 0.0 0.0 0.0 0.0 0.0 0.0
151.00617 -6.4793585 0.0 0.0 0.0 0.0 0.0 0.0 0.0 0.0 0.0 0.0
151.00617 -6.4786368 0.0 0.0 0.0 0.0 0.0 0.0 0.0 0.0 0.0 0.0
151.00617 -6.4779151 0.0 0.0 0.0 0.0 0.0 0.0 0.0 0.0 0.0 1.37
151.00617 -6.4771934 15.617 24.574 0.0 0.0 0.0 0.0 0.0 0.0 3.097e-16 47.22
151.00617 -6.4764717 0.0 0.0 0.0 0.0 0.0 0.0 0.0 0.0 4.487e-16 53.56
151.00617 -6.47575 12.185 36.1 0.0 0.0 0.0 0.0 0.0 0.0 4.1483e-16 32.15
151.00617 -6.4750284 32.557 95.112 0.0 0.0 0.0 0.0 0.0 0.0 9.5574e-16 139.48
151.00617 -6.4743067 55.47 213.559 0.0 0.0 0.0 0.01982 0.0 0.0 1.87624e-15 157.97
151.00617 -6.473585 161.734 511.223 0.0 27.483 0.0 0.0 0.004331 0.008371 3.23451e-15 241.36
151.00617 -6.4728633 62.502 171.38 0.0 5.87 0.0 0.0 0.002577 0.0 1.18153e-15 53.87
151.00617 -6.4721416 52.655 156.851 0.0 0.0 0.0 0.0 0.0 0.0 7.0404e-16 20.46
151.00617 -6.4714199 30.994 82.418 0.0 0.0 0.0 0.0 0.0 0.0 5.5719e-16 31.44
151.00617 -6.4706982 26.916 68.972 0.0 0.0 0.0 0.0 0.0 0.0 4.0904e-16 6.18
151.00617 -6.4699765 9.171 0.0 0.0 0.0 0.0 0.0 0.0 0.0 1.7851e-16 15.29
151.00617 -6.4692549 0.0 0.0 0.0 0.0 0.0 0.0 0.0 0.0 0.0 0.26
151.00617 -6.4685332 0.0 0.0 0.0 0.0 0.0 0.0 0.0 0.0 0.0 0.0
151.00617 -6.4678115 0.0 0.0 0.0 0.0 0.0 0.0 0.0 0.0 0.0 0.0
151.00617 -6.4670898 0.0 0.0 0.0 0.0 0.0 0.0 0.002451 0.0 0.0 0.2
151.00575 -6.4829669 0.0 0.0 0.0 0.0 0.0 0.0 0.0 0.0 0.0 0.0
151.00575 -6.4822452 0.0 0.0 0.0 0.0 0.0 0.0 0.0 0.0 0.0 0.0
151.00575 -6.4815235 11.663 0.0 0.0 0.0 0.0 0.0 0.0 0.0 0.0 0.0
151.00575 -6.4808019 0.0 0.0 0.0 0.0 0.0 0.0 0.0 0.0 0.0 0.0
151.00575 -6.4800802 0.0 0.0 0.0 0.0 0.0 0.0 0.0 0.0 0.0 0.0
151.00575 -6.4793585 0.0 0.0 0.0 0.0 0.0 0.0 0.0 0.0 0.0 0.0
151.00575 -6.4786368 0.0 0.0 0.0 0.0 0.0 0.0 0.0 0.0 0.0 0.0
151.00575 -6.4779151 0.0 0.0 0.0 0.0 0.0 0.0 0.0 0.004011 0.0 0.89
151.00575 -6.4771934 11.685 0.0 0.0 0.0 0.0 0.0 0.0 0.004554 2.6233e-16 47.09
151.00575 -6.4764717 0.0 0.0 0.0 0.0 0.0 0.0 0.0 0.0 4.5686e-16 52.27
151.00575 -6.47575 15.49 49.405 0.0 0.0 0.0 0.0 0.0 0.0 3.2842e-16 43.38
151.00575 -6.4750284 29.48 83.26 0.0 0.0 0.0 0.0 0.0 0.0 1.003e-15 129.22
151.00575 -6.4743067 23.706 74.973 0.0 0.0 0.0 0.0 0.0 0.0 1.48088e-15 107.52
151.00575 -6.473585 46.203 168.92 0.0 0.0 0.0 0.0 0.0 0.0 1.94204e-15 332.48
151.00575 -6.4728633 29.424 90.579 0.0 0.0 0.0 0.0 0.003046 0.0 1.19465e-15 181.61
151.00575 -6.4721416 44.474 140.545 0.0 0.0 0.0 0.0 0.0 0.0 1.00037e-15 73.68
151.00575 -6.4714199 40.507 118.302 0.0 3.616 0.0 0.0 0.0 0.0 9.0549e-16 69.87
151.00575 -6.4706982 30.005 79.396 0.0 0.0 0.0 0.0 0.0 0.0 5.7772e-16 12.46
151.00575 -6.4699765 23.545 65.882 0.0 0.0 0.0 0.0 0.0 0.0 2.5334e-16 2.79
151.00575 -6.4692549 20.908 55.703 0.0 0.0 0.0 0.0 0.0 0.0 1.3267e-16 0.46
151.00575 -6.4685332 0.0 0.0 0.0 0.0 0.0 0.0 0.0 0.0 0.0 0.06
151.00575 -6.4678115 0.0 0.0 0.0 0.0 0.0 0.0 0.0 0.0 0.0 0.31
151.00575 -6.4670898 0.0 0.0 0.0 0.0 0.0 0.0 0.0 0.0 1.1398e-16 4.1
151.00534 -6.4829669 0.0 0.0 0.0 0.0 0.0 0.0 0.0 0.0 0.0 0.0
151.00534 -6.4822452 0.0 0.0 0.0 0.0 0.0 0.0 0.0 0.0 0.0 0.0
151.00534 -6.4815235 0.0 0.0 0.0 0.0 0.0 0.0 0.0 0.0 0.0 0.0
151.00534 -6.4808019 0.0 0.0 0.0 0.0 0.0 0.0 0.0 0.0 0.0 0.0
151.00534 -6.4800802 0.0 0.0 0.0 0.0 0.0 0.0 0.0 0.0 0.0 0.0
151.00534 -6.4793585 0.0 0.0 0.0 0.0 0.0 0.0 0.0 0.00562 0.0 0.0
151.00534 -6.4786368 0.0 0.0 0.0 0.0 0.0 0.0 0.0 0.004908 0.0 0.0
151.00534 -6.4779151 0.0 0.0 0.0 0.0 0.0 0.0 0.0 0.0 0.0 0.05
151.00534 -6.4771934 0.0 0.0 0.0 0.0 0.0 0.0 0.0 0.0 0.0 12.34
151.00534 -6.4764717 0.0 0.0 0.0 0.0 0.0 0.0 0.0 0.0 2.4939e-16 28.81
151.00534 -6.47575 18.328 62.929 0.0 3.12 0.0 0.0 0.0 0.0 2.571e-16 46.21
151.00534 -6.4750284 25.161 70.186 0.0 0.0 0.0 0.0 0.0 0.0 8.2608e-16 99.41
151.00534 -6.4743067 14.156 0.0 0.0 0.0 0.0 0.0 0.0 0.0 8.9512e-16 70.43
151.00534 -6.473585 0.0 0.0 0.0 0.0 0.0 0.0 0.0 0.0 7.9489e-16 233.99
151.00534 -6.4728633 12.054 48.161 0.0 0.0 0.0 0.0 0.002787 0.0 7.9014e-16 207.12
151.00534 -6.4721416 32.326 107.1 0.0 5.67 0.0 0.0 0.003479 0.0 1.12649e-15 130.16
151.00534 -6.4714199 32.357 99.589 0.0 3.902 0.0 0.0 0.0 0.0 1.08456e-15 102.01
151.00534 -6.4706982 19.103 65.16 0.0 0.0 0.0 0.0 0.0 0.0 5.9351e-16 45.94
151.00534 -6.4699765 31.782 89.516 0.0 0.0 0.0 0.0 0.0 0.0 4.4578e-16 14.79
151.00534 -6.4692549 18.605 57.213 0.0 0.0 0.0 0.0 0.0 0.0 1.6573e-16 5.47
151.00534 -6.4685332 0.0 0.0 0.0 0.0 0.0 0.0 0.0 0.0 9.334e-17 3.02
151.00534 -6.4678115 0.0 0.0 0.0 0.0 0.0 0.0 0.0 0.0 2.7525e-16 8.29
151.00534 -6.4670898 0.0 0.0 0.0 0.0 0.0 0.0 0.0 0.0 2.5919e-16 16.82
151.00492 -6.4829669 0.0 0.0 0.0 0.0 0.0 0.0 0.001404 0.0 0.0 0.0
151.00492 -6.4822452 0.0 0.0 0.0 0.0 0.0 0.0 0.002911 0.0 0.0 0.0
151.00492 -6.4815235 0.0 0.0 0.0 0.0 0.0 0.0 0.0 0.0 0.0 0.0
151.00492 -6.4808019 0.0 0.0 0.0 0.0 0.0 0.0 0.0 0.0 0.0 0.0
151.00492 -6.4800802 0.0 0.0 0.0 0.0 0.0 0.0 0.0 0.0 0.0 0.0
151.00492 -6.4793585 0.0 0.0 0.0 0.0 0.0 0.0 0.0 0.0 0.0 0.0
151.00492 -6.4786368 0.0 0.0 0.0 0.0 0.0 0.0 0.0 0.0 0.0 0.0
151.00492 -6.4779151 0.0 0.0 0.0 0.0 0.0 0.0 0.0 0.0 0.0 0.0
151.00492 -6.4771934 0.0 0.0 0.0 0.0 0.0 0.0 0.0 0.0 0.0 0.3
151.00492 -6.4764717 0.0 0.0 0.0 0.0 0.0 0.0 0.0 0.0 0.0 3.8
151.00492 -6.47575 12.004 42.231 0.0 0.0 0.0 0.0 0.0 0.0 0.0 11.6
151.00492 -6.4750284 20.599 43.337 0.0 0.0 0.0 0.0 0.0 0.0 2.9565e-16 20.54
151.00492 -6.4743067 15.816 0.0 0.0 0.0 0.0 0.0 0.0 0.0 3.3977e-16 11.81
151.00492 -6.473585 0.0 0.0 0.0 0.0 0.0 0.0 0.0 0.0 3.959e-16 53.76
151.00492 -6.4728633 0.0 0.0 0.0 0.0 0.0 0.0 0.001958 0.0 5.0549e-16 101.57
151.00492 -6.4721416 26.453 83.873 0.0 0.0 0.0 0.0 0.0 0.0 8.352e-16 113.24
151.00492 -6.4714199 21.14 67.914 0.0 0.0 0.0 0.0 0.0 0.0 7.4839e-16 107.68
151.00492 -6.4706982 0.0 35.61 0.0 0.0 0.0 0.0 0.0 0.0 4.6294e-16 85.16
151.00492 -6.4699765 17.932 42.977 0.0 0.0 0.0 0.0 0.0 0.0 4.9138e-16 23.88
151.00492 -6.4692549 0.0 0.0 0.0 0.0 0.0 0.0 0.0 0.0 1.7891e-16 9.72
151.00492 -6.4685332 0.0 0.0 0.0 0.0 0.0 0.0 0.0 0.0 1.1598e-16 17.46
151.00492 -6.4678115 0.0 0.0 0.0 0.0 0.0 0.0 0.0 0.0 4.2284e-16 39.59
151.00492 -6.4670898 0.0 0.0 0.0 0.0 0.0 0.0 0.0 0.0 4.5427e-16 20.97
151.0045 -6.4829669 0.0 0.0 0.0 0.0 0.0 0.0 0.0 0.0 0.0 0.0
151.0045 -6.4822452 0.0 0.0 0.0 0.0 0.0 0.0 0.003123 0.0 0.0 0.0
151.0045 -6.4815235 0.0 0.0 0.0 0.0 0.0 0.0 0.0 0.0 0.0 0.0
151.0045 -6.4808019 0.0 0.0 0.0 0.0 0.0 0.0 0.0 0.0 0.0 0.0
151.0045 -6.4800802 0.0 0.0 0.0 0.0 0.0 0.0 0.0 0.0 0.0 0.0
151.0045 -6.4793585 0.0 0.0 0.0 0.0 0.0 0.0 0.0 0.0 0.0 0.0
151.0045 -6.4786368 0.0 0.0 0.0 0.0 0.0 0.0 0.0 0.0 0.0 0.0
151.0045 -6.4779151 0.0 0.0 0.0 0.0 0.0 0.0 0.0 0.0 0.0 0.0
151.0045 -6.4771934 0.0 0.0 0.0 0.0 0.0 0.0 0.0 0.0 0.0 0.0
151.0045 -6.4764717 0.0 0.0 0.0 0.0 0.0 0.0 0.0 0.0 0.0 0.09
151.0045 -6.47575 0.0 0.0 0.0 0.0 0.0 0.0 0.002793 0.0 0.0 0.38
151.0045 -6.4750284 0.0 0.0 0.0 0.0 0.0 0.0 0.0 0.0 0.0 1.1
151.0045 -6.4743067 0.0 0.0 0.0 0.0 0.0 0.0 0.0 0.0 1.299e-16 0.36
151.0045 -6.473585 0.0 0.0 0.0 0.0 0.0 0.0 0.0 0.0 2.0264e-16 4.91
151.0045 -6.4728633 0.0 0.0 0.0 0.0 0.0 0.0 0.0 0.0 2.3947e-16 20.01
151.0045 -6.4721416 0.0 0.0 0.0 0.0 0.0 0.0 0.0 0.0 3.6801e-16 44.28
151.0045 -6.4714199 14.951 47.933 0.0 0.0 0.0 0.0 0.0 0.0 2.7454e-16 42.02
151.0045 -6.4706982 0.0 0.0 0.0 0.0 0.0 0.0 0.0 0.0 2.5676e-16 41.77
151.0045 -6.4699765 0.0 0.0 0.0 0.0 0.0 0.0 0.0 0.0 2.5415e-16 7.48
151.0045 -6.4692549 0.0 0.0 0.0 0.0 0.0 0.0 0.0 0.0 1.2318e-16 2.49
151.0045 -6.4685332 0.0 0.0 0.0 0.0 0.0 0.0 0.0 0.0 0.0 14.83
151.0045 -6.4678115 0.0 0.0 0.0 0.0 0.0 0.0 0.0 0.0 2.0553e-16 32.26
151.0045 -6.4670898 0.0 0.0 0.0 0.0 0.0 0.0 0.0 0.0 2.7489e-16 8.06
151.00409 -6.4829669 0.0 0.0 0.0 0.0 0.0 0.0 0.0 0.0 0.0 0.0
151.00409 -6.4822452 0.0 0.0 0.0 0.0 0.0 0.0 0.0 0.0 0.0 0.0
151.00409 -6.4815235 0.0 0.0 0.0 0.0 0.0 0.0 0.0 0.0 0.0 0.0
151.00409 -6.4808019 0.0 0.0 0.0 0.0 0.0 0.0 0.0 0.0 0.0 0.0
151.00409 -6.4800802 0.0 0.0 0.0 0.0 0.0 0.0 0.0 0.0 0.0 0.0
151.00409 -6.4793585 0.0 0.0 0.0 0.0 0.0 0.0 0.0 0.0 0.0 0.0
151.00409 -6.4786368 0.0 0.0 0.0 0.0 0.0 0.0 0.0 0.0 0.0 0.0
151.00409 -6.4779151 0.0 0.0 0.0 0.0 0.0 0.0 0.0 0.0 0.0 0.0
151.00409 -6.4771934 0.0 0.0 0.0 0.0 0.0 0.0 0.0 0.0 0.0 0.0
151.00409 -6.4764717 0.0 0.0 0.0 0.0 0.0 0.0 0.0 0.0 0.0 0.0
151.00409 -6.47575 0.0 0.0 0.0 0.0 0.0 0.0 0.0 0.0 0.0 0.0
151.00409 -6.4750284 0.0 0.0 0.0 0.0 0.0 0.0 0.0 0.0 0.0 0.0
151.00409 -6.4743067 0.0 0.0 0.0 0.0 0.0 0.0 0.0 0.0 0.0 0.0
151.00409 -6.473585 0.0 0.0 0.0 0.0 0.0 0.0 0.0 0.0 0.0 0.05
151.00409 -6.4728633 0.0 0.0 0.0 0.0 0.0 0.0 0.0 0.0 1.0885e-16 0.76
151.00409 -6.4721416 0.0 0.0 0.0 0.0 0.0 0.0 0.0 0.0 1.4176e-16 12.04
151.00409 -6.4714199 0.0 0.0 0.0 0.0 0.0 0.0 0.0 0.0 0.0 5.16
151.00409 -6.4706982 0.0 0.0 0.0 0.0 0.0 0.0 0.0 0.0 0.0 5.03
151.00409 -6.4699765 0.0 0.0 0.0 0.0 0.0 0.0 0.0 0.0 0.0 0.2
151.00409 -6.4692549 0.0 0.0 0.0 0.0 0.0 0.0 0.0 0.0 0.0 0.07
151.00409 -6.4685332 0.0 0.0 0.0 0.0 0.0 0.0 0.00189 0.0 0.0 1.89
151.00409 -6.4678115 0.0 0.0 0.0 0.0 0.0 0.0 0.002914 0.0 0.0 4.96
151.00409 -6.4670898 0.0 0.0 0.0 0.0 0.0 0.0 0.0 0.0 0.0 0.61
151.01305 -6.4826061 0.0 0.0 0.0 0.0 0.0 0.0 0.0 0.0 0.0 0.0
151.01305 -6.4818844 0.0 0.0 0.0 0.0 0.0 0.0 0.0 0.0 0.0 0.0
151.01305 -6.4811627 0.0 0.0 0.0 0.0 0.0 0.0 0.0 0.0 0.0 0.0
151.01305 -6.480441 0.0 0.0 0.0 0.0 0.0 0.0 0.0 0.0 0.0 0.02
151.01305 -6.4797193 0.0 0.0 0.0 0.0 0.0 0.0 0.0 0.0 0.0 0.09
151.01305 -6.4789976 0.0 0.0 0.0 0.0 0.0 0.0 0.0 0.0 0.0 0.0
151.01305 -6.478276 0.0 0.0 0.0 0.0 0.0 0.0 0.0 0.0 0.0 0.0
151.01305 -6.4775543 0.0 0.0 0.0 0.0 0.0 0.0 0.0 0.0 0.0 0.0
151.01305 -6.4768326 0.0 0.0 0.0 0.0 0.0 0.0 0.0 0.0 0.0 0.0
151.01305 -6.4761109 0.0 0.0 0.0 0.0 0.0 0.0 0.0 0.0 0.0 0.0
151.01305 -6.4753892 0.0 0.0 0.0 0.0 0.0 0.0 0.0 0.0 0.0 0.0
151.01305 -6.4746675 0.0 0.0 0.0 0.0 0.0 0.0 0.0 0.0 0.0 0.0
151.01305 -6.4739458 0.0 0.0 0.0 0.0 0.0 0.0 0.0 0.0 0.0 0.0
151.01305 -6.4732241 0.0 0.0 0.0 0.0 0.0 0.0 0.0 0.0 0.0 0.0
151.01305 -6.4725024 0.0 0.0 0.0 0.0 0.0 0.0 0.0 0.0 0.0 0.0
151.01305 -6.4717808 0.0 0.0 0.0 0.0 0.0 0.0 0.0 0.0 0.0 0.0
151.01305 -6.4710591 0.0 0.0 0.0 0.0 0.0 0.0 0.0 0.0 0.0 0.0
151.01305 -6.4703374 0.0 0.0 0.0 0.0 0.0 0.0 0.0 0.0 0.0 0.0
151.01305 -6.4696157 0.0 0.0 0.0 0.0 0.0 0.0 0.0 0.0 0.0 0.0
151.01305 -6.468894 0.0 0.0 0.0 0.0 0.0 0.0 0.0 0.0 0.0 0.0
151.01305 -6.4681723 0.0 0.0 0.0 0.0 0.0 0.0 0.0 0.0 0.0 0.0
151.01305 -6.4674506 0.0 0.0 0.0 0.0 0.0 0.0 0.0 0.0 0.0 0.0
151.01305 -6.4667289 0.0 0.0 0.0 0.0 0.0 0.0 0.0 0.0 0.0 0.0
151.01263 -6.4826061 0.0 0.0 0.0 0.0 0.0 0.0 0.0 0.0 0.0 0.0
151.01263 -6.4818844 0.0 0.0 0.0 0.0 0.0 0.0 0.0 0.0 0.0 0.0
151.01263 -6.4811627 0.0 0.0 0.0 0.0 0.0 0.0 0.0 0.0 0.0 0.0
151.01263 -6.480441 0.0 0.0 0.0 0.0 0.0 0.0 0.0 0.0 0.0 0.83
151.01263 -6.4797193 0.0 0.0 0.0 0.0 0.0 0.0 0.0 0.0 0.0 4.93
151.01263 -6.4789976 0.0 0.0 0.0 0.0 0.0 0.0 0.0 0.0 0.0 0.04
151.01263 -6.478276 0.0 0.0 0.0 0.0 0.0 0.0 0.0 0.0 0.0 0.0
151.01263 -6.4775543 0.0 0.0 0.0 0.0 0.0 0.0 0.0 0.0 0.0 0.0
151.01263 -6.4768326 0.0 0.0 0.0 0.0 0.0 0.0 0.0 0.0 0.0 0.0
151.01263 -6.4761109 0.0 0.0 0.0 0.0 0.0 0.0 0.0 0.0 0.0 0.01
151.01263 -6.4753892 0.0 0.0 0.0 0.0 0.0 0.0 0.0 0.0 0.0 0.0
151.01263 -6.4746675 0.0 0.0 0.0 0.0 0.0 0.0 0.0 0.0 0.0 0.0
151.01263 -6.4739458 0.0 0.0 0.0 0.0 0.0 0.0 0.0 0.0 0.0 0.0
151.01263 -6.4732241 0.0 0.0 0.0 0.0 0.0 0.0 0.0 0.0 0.0 0.0
151.01263 -6.4725024 0.0 0.0 0.0 0.0 0.0 0.0 0.0 0.0 0.0 0.0
151.01263 -6.4717808 0.0 0.0 0.0 0.0 0.0 0.0 0.0 0.0 0.0 0.0
151.01263 -6.4710591 0.0 0.0 0.0 0.0 0.0 0.0 0.0 0.0 0.0 0.0
151.01263 -6.4703374 0.0 0.0 0.0 0.0 0.0 0.0 0.0 0.0 0.0 0.0
151.01263 -6.4696157 0.0 0.0 0.0 0.0 0.0 0.0 0.0 0.0 0.0 0.0
151.01263 -6.468894 0.0 0.0 0.0 0.0 0.0 0.0 0.0 0.0 0.0 0.0
151.01263 -6.4681723 0.0 0.0 0.0 0.0 0.0 0.0 0.0 0.0 0.0 0.0
151.01263 -6.4674506 0.0 0.0 0.0 0.0 0.0 0.0 0.0 0.0 0.0 0.0
151.01263 -6.4667289 0.0 0.0 0.0 0.0 0.0 0.0 0.0 0.0 0.0 0.0
151.01221 -6.4826061 0.0 0.0 0.0 0.0 0.0 0.0 0.0 0.0 0.0 0.0
151.01221 -6.4818844 0.0 0.0 0.0 0.0 0.0 0.0 0.0 0.0 0.0 0.0
151.01221 -6.4811627 0.0 0.0 0.0 0.0 0.0 0.0 0.0 0.0 0.0 0.0
151.01221 -6.480441 0.0 0.0 0.0 0.0 0.0 0.0 0.0 0.0 0.0 4.9
151.01221 -6.4797193 0.0 0.0 0.0 0.0 0.0 0.0 0.0 0.0 0.0 18.2
151.01221 -6.4789976 0.0 0.0 0.0 0.0 0.0 0.0 0.0 0.0 0.0 0.18
151.01221 -6.478276 0.0 0.0 0.0 0.0 0.0 0.0 0.0 0.0 0.0 0.35
151.01221 -6.4775543 0.0 0.0 0.0 0.0 0.0 0.0 0.0 0.0 0.0 0.2
151.01221 -6.4768326 0.0 0.0 0.0 0.0 0.0 0.0 0.0 0.0 0.0 0.13
151.01221 -6.4761109 0.0 0.0 0.0 0.0 0.0 0.0 0.0 0.0 0.0 2.0
151.01221 -6.4753892 0.0 0.0 0.0 0.0 0.0 0.0 0.0 0.0 0.0 0.87
151.01221 -6.4746675 0.0 0.0 0.0 0.0 0.0 0.0 0.0 0.0 0.0 0.25
151.01221 -6.4739458 0.0 0.0 0.0 0.0 0.0 0.0 0.0 0.0 0.0 0.01
151.01221 -6.4732241 0.0 0.0 0.0 0.0 0.0 0.0 0.0 0.0 0.0 0.0
151.01221 -6.4725024 0.0 0.0 0.0 0.0 0.0 0.0 0.0 0.0 0.0 0.0
151.01221 -6.4717808 0.0 0.0 0.0 0.0 0.0 0.0 0.0 0.0 0.0 0.0
151.01221 -6.4710591 0.0 0.0 0.0 0.0 0.0 0.0 0.0 0.0 0.0 0.0
151.01221 -6.4703374 0.0 0.0 0.0 0.0 0.0 0.0 0.0 0.0 0.0 0.0
151.01221 -6.4696157 0.0 0.0 0.0 0.0 0.0 0.0 0.0 0.0 0.0 0.0
151.01221 -6.468894 0.0 0.0 0.0 0.0 0.0 0.0 0.0 0.0 0.0 0.0
151.01221 -6.4681723 0.0 0.0 0.0 0.0 0.0 0.0 0.0 0.0 0.0 0.0
151.01221 -6.4674506 0.0 0.0 0.0 0.0 0.0 0.0 0.0 0.0 0.0 0.0
151.01221 -6.4667289 0.0 0.0 0.0 0.0 0.0 0.0 0.0 0.0 0.0 0.0
151.0118 -6.4826061 0.0 0.0 0.0 0.0 0.0 0.0 0.0 0.0 0.0 0.0
151.0118 -6.4818844 0.0 0.0 0.0 0.0 0.0 0.0 0.0 0.0 0.0 0.01
151.0118 -6.4811627 0.0 0.0 0.0 0.0 0.0 0.0 0.0 0.0 0.0 0.45
151.0118 -6.480441 0.0 0.0 0.0 0.0 0.0 0.0 0.0 0.0 1.3114e-16 9.93
151.0118 -6.4797193 0.0 0.0 0.0 0.0 0.0 0.0 0.0 0.0 0.0 13.57
151.0118 -6.4789976 0.0 0.0 0.0 0.0 0.0 0.0 0.0 0.0 0.0 2.82
151.0118 -6.478276 0.0 0.0 0.0 0.0 0.0 0.0 0.0 0.0 0.0 14.0
151.0118 -6.4775543 0.0 0.0 0.0 0.0 0.0 0.0 0.0 0.0 0.0 7.19
151.0118 -6.4768326 0.0 0.0 0.0 0.0 0.0 0.0 0.0 0.0 0.0 2.74
151.0118 -6.4761109 0.0 0.0 0.0 0.0 0.0 0.0 0.0 0.0 2.6504e-16 31.26
151.0118 -6.4753892 0.0 0.0 0.0 0.0 0.0 0.0 0.0 0.0 3.8113e-16 27.86
151.0118 -6.4746675 0.0 0.0 0.0 0.0 0.0 0.0 0.0 0.0 2.2183e-16 8.6
151.0118 -6.4739458 0.0 0.0 0.0 0.0 0.0 0.0 0.0 0.0 0.0 2.14
151.0118 -6.4732241 0.0 0.0 0.0 0.0 0.0 0.0 0.0 0.0 0.0 0.39
151.0118 -6.4725024 0.0 0.0 0.0 0.0 0.0 0.0 0.0 0.0 0.0 0.01
151.0118 -6.4717808 0.0 0.0 0.0 0.0 0.0 0.0 0.0 0.0 0.0 0.0
151.0118 -6.4710591 0.0 0.0 0.0 0.0 0.0 0.0 0.0 0.0 0.0 0.0
151.0118 -6.4703374 0.0 0.0 0.0 0.0 0.0 0.0 0.0 0.0 0.0 0.0
151.0118 -6.4696157 0.0 0.0 0.0 0.0 0.0 0.0 0.0 0.0 0.0 0.0
151.0118 -6.468894 0.0 0.0 0.0 0.0 0.0 0.0 0.0 0.0 0.0 0.0
151.0118 -6.4681723 0.0 0.0 0.0 0.0 0.0 0.0 0.0 0.0 0.0 0.0
151.0118 -6.4674506 0.0 0.0 0.0 0.0 0.0 0.0 0.0 0.0 0.0 0.0
151.0118 -6.4667289 0.0 0.0 0.0 0.0 0.0 0.0 0.0 0.0 0.0 0.0
151.01138 -6.4826061 0.0 0.0 0.0 0.0 0.0 0.0 0.002436 0.0 0.0 0.0
151.01138 -6.4818844 0.0 0.0 0.0 0.0 0.0 0.0 0.0 0.0 0.0 0.67
151.01138 -6.4811627 0.0 0.0 0.0 0.0 0.0 0.0 0.0 0.0 1.5267e-16 12.82
151.01138 -6.480441 0.0 0.0 0.0 0.0 0.0 0.0 0.0 0.0 2.7564e-16 37.13
151.01138 -6.4797193 0.0 68.079 0.0 0.0 0.0 0.0 0.0 0.0 2.4195e-16 14.12
151.01138 -6.4789976 44.503 153.678 0.0 0.0 0.0 0.0 0.0 0.0 2.2813e-16 30.64
151.01138 -6.478276 70.674 232.544 0.0 9.487 0.0 0.0 0.002454 0.0 6.6331e-16 64.68
151.01138 -6.4775543 62.669 194.189 0.0 13.51 0.0 0.0 0.0 0.0 5.0427e-16 39.22
151.01138 -6.4768326 58.309 165.375 0.0 11.253 0.0 0.0 0.0 0.0 4.267e-16 20.4
151.01138 -6.4761109 50.47 140.056 0.0 8.701 0.0 0.0 0.0 0.005366 8.8422e-16 122.86
151.01138 -6.4753892 16.878 57.73 0.0 0.0 0.0 0.0 0.0 0.0 1.11885e-15 139.49
151.01138 -6.4746675 0.0 33.577 0.0 0.0 0.0 0.0 0.0 0.0 5.5722e-16 65.17
151.01138 -6.4739458 12.285 37.677 0.0 0.0 0.0 0.0 0.004553 0.0 4.8144e-16 26.94
151.01138 -6.4732241 0.0 0.0 0.0 0.0 0.0 0.0 0.0 0.0 3.0395e-16 12.76
151.01138 -6.4725024 0.0 0.0 0.0 0.0 0.0 0.0 0.0 0.0 0.0 0.54
151.01138 -6.4717808 0.0 0.0 0.0 0.0 0.0 0.0 0.0 0.0 0.0 0.0
151.01138 -6.4710591 0.0 0.0 0.0 0.0 0.0 0.0 0.0 0.0 0.0 0.0
151.01138 -6.4703374 0.0 0.0 0.0 0.0 0.0 0.0 0.0 0.0 0.0 0.0
151.01138 -6.4696157 0.0 0.0 0.0 0.0 0.0 0.0 0.0 0.0 0.0 0.0
151.01138 -6.468894 0.0 0.0 0.0 0.0 0.0 0.0 0.0 0.0 0.0 0.0
151.01138 -6.4681723 0.0 0.0 0.0 0.0 0.0 0.0 0.0 0.0 0.0 0.0
151.01138 -6.4674506 0.0 0.0 0.0 0.0 0.0 0.0 0.0 0.0 0.0 0.0
151.01138 -6.4667289 0.0 0.0 0.0 0.0 0.0 0.0 0.0 0.0 0.0 0.0
151.01096 -6.4826061 0.0 0.0 0.0 0.0 0.0 0.0 0.0 0.0 0.0 0.0
151.01096 -6.4818844 0.0 0.0 0.0 0.0 0.0 0.0 0.0 0.0 0.0 3.79
151.01096 -6.4811627 0.0 0.0 0.0 0.0 0.0 0.0 0.0 0.0 3.7599e-16 73.89
151.01096 -6.480441 13.696 64.504 0.0 0.0 0.0 0.0 0.0 0.0 7.413e-16 141.3
151.01096 -6.4797193 58.608 198.732 0.0 12.816 0.0 0.0 0.0 0.009249 1.26035e-15 73.75
151.01096 -6.4789976 87.251 258.128 0.0 13.151 0.0 0.0 0.0 0.006946 1.0566e-15 54.67
151.01096 -6.478276 88.307 265.137 0.0 10.359 0.0 0.0 0.0 0.004932 8.418e-16 59.17
151.01096 -6.4775543 63.757 188.167 0.0 0.0 0.0 0.0 0.0 0.0 5.827e-16 34.6
151.01096 -6.4768326 60.666 156.91 0.0 10.226 0.0 0.0 0.002554 0.0 5.4391e-16 43.75
151.01096 -6.4761109 75.658 195.711 0.0 11.23 0.0 0.0 0.0 0.0 9.207e-16 156.15
151.01096 -6.4753892 42.374 144.825 0.0 4.982 0.0 0.0 0.0 0.0 1.32469e-15 210.42
151.01096 -6.4746675 24.197 78.589 0.0 0.0 0.0 0.0 0.001728 0.0 8.23e-16 149.31
151.01096 -6.4739458 23.733 79.493 0.0 0.0 0.0 0.0 0.0 0.0 8.8692e-16 63.25
151.01096 -6.4732241 15.326 0.0 0.0 0.0 0.0 0.0 0.0 0.0 1.07665e-15 51.57
151.01096 -6.4725024 0.0 0.0 0.0 0.0 0.0 0.0 0.0 0.0 2.0477e-16 2.92
151.01096 -6.4717808 0.0 0.0 0.0 0.0 0.0 0.0 0.0 0.0 0.0 0.04
151.01096 -6.4710591 0.0 0.0 0.0 0.0 0.0 0.0 0.0 0.0 0.0 0.0
151.01096 -6.4703374 0.0 0.0 0.0 0.0 0.0 0.0 0.0 0.0 0.0 0.0
151.01096 -6.4696157 0.0 0.0 0.0 0.0 0.0 0.0 0.0 0.0 0.0 0.0
151.01096 -6.468894 0.0 0.0 0.0 0.0 0.0 0.0 0.0 0.0 0.0 0.0
151.01096 -6.4681723 0.0 0.0 0.0 0.0 0.0 0.0 0.0 0.0 0.0 0.0
151.01096 -6.4674506 0.0 0.0 0.0 0.0 0.0 0.0 0.0 0.0 0.0 0.0
151.01096 -6.4667289 0.0 0.0 0.0 0.0 0.0 0.0 0.0 0.0 0.0 0.0
151.01055 -6.4826061 0.0 0.0 0.0 0.0 0.0 0.0 0.0 0.0 0.0 0.01
151.01055 -6.4818844 22.143 0.0 0.0 0.0 0.0 0.0 0.0 0.0 0.0 12.34
151.01055 -6.4811627 25.346 91.017 0.0 0.0 0.0 0.0 0.0 0.00482 1.14904e-15 111.35
151.01055 -6.480441 34.352 127.526 0.0 5.064 0.0 0.0 0.0 0.0 1.67604e-15 187.3
151.01055 -6.4797193 77.697 244.748 0.0 18.2 0.0 0.02361 0.003572 0.011011 2.97e-15 94.63
151.01055 -6.4789976 67.283 183.861 0.0 0.0 0.0 0.0 0.0 0.0 1.6558e-15 25.98
151.01055 -6.478276 49.207 130.059 0.0 0.0 0.0 0.0 0.0 0.0 4.3296e-16 11.97
151.01055 -6.4775543 28.799 82.921 0.0 0.0 0.0 0.0 0.0 0.0 2.6164e-16 8.44
151.01055 -6.4768326 38.023 98.121 0.0 0.0 0.0 0.0 0.0 0.0 3.6044e-16 65.62
151.01055 -6.4761109 65.36 175.007 0.0 0.0 0.0 0.0 0.0 0.0 4.0032e-16 112.85
151.01055 -6.4753892 111.101 330.785 0.0 10.837 0.0 0.0 0.0 0.005415 7.7664e-16 163.21
151.01055 -6.4746675 87.995 246.506 0.0 9.517 0.0 0.0 0.002068 0.0 8.2004e-16 180.91
151.01055 -6.4739458 42.519 118.832 0.0 6.43 0.0 0.0 0.0 0.004507 9.5096e-16 99.19
151.01055 -6.4732241 16.477 71.328 0.0 4.314 0.0 0.0 0.0 0.0 1.43234e-15 98.08
151.01055 -6.4725024 0.0 0.0 0.0 0.0 0.0 0.0 0.0 0.0 3.2163e-16 17.57
151.01055 -6.4717808 0.0 0.0 0.0 0.0 0.0 0.0 0.0 0.0 1.4981e-16 2.49
151.01055 -6.4710591 0.0 0.0 0.0 0.0 0.0 0.0 0.0 0.0 0.0 0.25
151.01055 -6.4703374 0.0 0.0 0.0 0.0 0.0 0.0 0.0 0.0 0.0 0.0
151.01055 -6.4696157 0.0 0.0 0.0 0.0 0.0 0.0 0.0 0.0 0.0 0.0
151.01055 -6.468894 0.0 0.0 0.0 0.0 0.0 0.0 0.0 0.0 0.0 0.0
151.01055 -6.4681723 0.0 0.0 0.0 0.0 0.0 0.0 0.0 0.0 0.0 0.0
151.01055 -6.4674506 0.0 0.0 0.0 0.0 0.0 0.0 0.0 0.0 0.0 0.0
151.01055 -6.4667289 0.0 0.0 0.0 0.0 0.0 0.0 0.0 0.0 0.0 0.0
151.01013 -6.4826061 0.0 0.0 0.0 0.0 0.0 0.0 0.0 0.0 0.0 0.04
151.01013 -6.4818844 40.743 124.325 0.0 9.232 0.0 0.0 0.0 0.0 3.2036e-16 29.38
151.01013 -6.4811627 43.785 135.164 0.0 12.475 0.0 0.0 0.0 0.004891 1.88376e-15 82.6
151.01013 -6.480441 37.262 127.418 0.0 6.416 0.0 0.0 0.0 0.0 1.77778e-15 73.89
151.01013 -6.4797193 50.306 130.821 0.0 0.0 0.0 0.0 0.0 0.0 1.8112e-15 23.25
151.01013 -6.4789976 42.501 83.365 0.0 0.0 0.0 0.0 0.0 0.0 8.6043e-16 2.76
151.01013 -6.478276 22.052 33.549 0.0 0.0 0.0 0.0 0.0 0.0 1.8593e-16 0.16
151.01013 -6.4775543 10.344 32.313 0.0 0.0 0.0 0.0 0.0 0.0 1.4595e-16 15.02
151.01013 -6.4768326 21.743 56.697 0.0 0.0 0.0 0.0 0.0 0.0 2.1945e-16 67.19
151.01013 -6.4761109 48.31 179.247 0.0 0.0 0.0 0.0 0.0 0.00387 2.1635e-16 52.49
151.01013 -6.4753892 149.158 452.848 0.0 10.684 0.0 0.0 0.0 0.007054 4.1708e-16 84.41
151.01013 -6.4746675 212.377 646.594 4.117 28.878 0.0 0.0 0.003348 0.00842 6.6349e-16 200.27
151.01013 -6.4739458 64.837 203.525 0.0 8.019 0.0 0.0 0.0 0.005363 7.0796e-16 147.11
151.01013 -6.4732241 10.79 63.839 0.0 0.0 0.0 0.0 0.0 0.0 9.1883e-16 126.29
151.01013 -6.4725024 0.0 0.0 0.0 0.0 0.0 0.0 0.0 0.0 3.4904e-16 56.78
151.01013 -6.4717808 0.0 0.0 0.0 0.0 0.0 0.0 0.0 0.0 2.8514e-16 30.86
151.01013 -6.4710591 0.0 0.0 0.0 0.0 0.0 0.0 0.0 0.0 0.0 8.31
151.01013 -6.4703374 0.0 0.0 0.0 0.0 0.0 0.0 0.0 0.0 0.0 0.01
151.01013 -6.4696157 0.0 0.0 0.0 0.0 0.0 0.0 0.0 0.0 0.0 0.0
151.01013 -6.468894 0.0 0.0 0.0 0.0 0.0 0.0 0.0 0.0 0.0 0.0
151.01013 -6.4681723 0.0 0.0 0.0 0.0 0.0 0.0 0.0 0.0 0.0 0.0
151.01013 -6.4674506 0.0 0.0 0.0 0.0 0.0 0.0 0.0 0.0 0.0 0.0
151.01013 -6.4667289 0.0 0.0 0.0 0.0 0.0 0.0 0.0 0.0 0.0 0.0
151.00971 -6.4826061 0.0 0.0 0.0 0.0 0.0 0.0 0.0 0.0 0.0 0.01
151.00971 -6.4818844 47.801 133.345 0.0 7.659 0.0 0.0 0.0 0.0 4.0002e-16 18.35
151.00971 -6.4811627 43.362 124.741 0.0 9.863 0.0 0.0 0.0 0.0 1.29552e-15 31.01
151.00971 -6.480441 27.277 75.85 0.0 0.0 0.0 0.0 0.0 0.0 7.8168e-16 4.88
151.00971 -6.4797193 20.925 0.0 0.0 0.0 0.0 0.0 0.0 0.0 3.512e-16 0.51
151.00971 -6.4789976 31.571 41.633 0.0 0.0 0.0 0.0 0.0 0.0 1.6653e-16 0.02
151.00971 -6.478276 9.704 0.0 0.0 0.0 0.0 0.0 0.0 0.0 1.1192e-16 0.03
151.00971 -6.4775543 0.0 0.0 0.0 0.0 0.0 0.0 0.0 0.0 1.1474e-16 19.3
151.00971 -6.4768326 0.0 39.952 0.0 0.0 0.0 0.0 0.0 0.0 1.702e-16 40.24
151.00971 -6.4761109 25.462 143.076 0.0 0.0 0.0 0.0 0.0 0.0 2.0713e-16 11.72
151.00971 -6.4753892 112.981 404.034 0.0 0.0 0.0 0.0 0.0 0.006843 5.0493e-16 39.87
151.00971 -6.4746675 297.019 923.617 0.0 42.303 0.0 0.03543 0.003949 0.013901 1.0326e-15 180.6
151.00971 -6.4739458 106.443 340.542 0.0 0.0 0.0 0.0 0.0 0.0 8.1597e-16 193.47
151.00971 -6.4732241 9.112 50.46 0.0 0.0 0.0 0.0 0.0 0.0 5.3901e-16 89.15
151.00971 -6.4725024 0.0 0.0 0.0 0.0 0.0 0.0 0.0 0.0 2.7709e-16 57.49
151.00971 -6.4717808 0.0 0.0 0.0 0.0 0.0 0.0 0.0 0.0 5.116e-16 122.89
151.00971 -6.4710591 0.0 0.0 0.0 0.0 0.0 0.0 0.0 0.0 4.1382e-16 36.32
151.00971 -6.4703374 0.0 0.0 0.0 0.0 0.0 0.0 0.0 0.0 0.0 0.06
151.00971 -6.4696157 0.0 0.0 0.0 0.0 0.0 0.0 0.0 0.0 0.0 0.0
151.00971 -6.468894 0.0 0.0 0.0 0.0 0.0 0.0 0.0 0.0 0.0 0.0
151.00971 -6.4681723 0.0 0.0 0.0 0.0 0.0 0.0 0.0 0.0 0.0 0.0
151.00971 -6.4674506 0.0 0.0 0.0 0.0 0.0 0.0 0.0 0.0 0.0 0.0
151.00971 -6.4667289 0.0 0.0 0.0 0.0 0.0 0.0 0.0 0.0 0.0 0.0
151.0093 -6.4826061 0.0 34.71 0.0 0.0 0.0 0.0 0.0 0.0 0.0 0.01
151.0093 -6.4818844 45.754 103.597 0.0 0.0 0.0 0.0 0.0 0.0 2.7766e-16 1.17
151.0093 -6.4811627 40.67 103.129 0.0 0.0 0.0 0.0 0.0 0.0 5.2046e-16 2.71
151.0093 -6.480441 22.197 39.537 0.0 0.0 0.0 0.0 0.0 0.0 2.5715e-16 0.03
151.0093 -6.4797193 0.0 0.0 0.0 0.0 0.0 0.0 0.0 0.0 1.2946e-16 0.0
151.0093 -6.4789976 16.353 0.0 0.0 0.0 0.0 0.0 0.0 0.0 9.91e-17 0.0
151.0093 -6.478276 0.0 0.0 0.0 0.0 0.0 0.0 0.0 0.0 0.0 0.03
151.0093 -6.4775543 0.0 0.0 0.0 0.0 0.0 0.0 0.0 0.0 0.0 13.38
151.0093 -6.4768326 17.25 61.667 0.0 0.0 0.0 0.0 0.0 0.0 0.0 23.18
151.0093 -6.4761109 58.935 225.524 0.0 0.0 0.0 0.0 0.0 0.0 2.0634e-16 18.89
151.0093 -6.4753892 218.691 714.738 0.0 38.171 0.0 0.0373 0.0 0.015311 1.05193e-15 78.57
151.0093 -6.4746675 393.326 1234.131 0.0 71.979 0.0 0.06836 0.005965 0.023775 2.38463e-15 223.18
151.0093 -6.4739458 247.657 721.413 0.0 35.173 0.0 0.03396 0.0 0.0 1.47204e-15 301.25
151.0093 -6.4732241 24.895 75.245 0.0 0.0 0.0 0.0 0.0 0.0 4.8832e-16 86.84
151.0093 -6.4725024 20.028 52.694 0.0 0.0 0.0 0.0 0.0 0.0 3.272e-16 47.5
151.0093 -6.4717808 15.536 48.436 0.0 0.0 0.0 0.0 0.0 0.0 1.29267e-15 189.54
151.0093 -6.4710591 0.0 0.0 0.0 0.0 0.0 0.0 0.0 0.0 6.208e-16 49.34
151.0093 -6.4703374 0.0 0.0 0.0 0.0 0.0 0.0 0.0 0.0 0.0 0.85
151.0093 -6.4696157 0.0 0.0 0.0 0.0 0.0 0.0 0.0 0.0 0.0 0.02
151.0093 -6.468894 0.0 0.0 0.0 0.0 0.0 0.0 0.0 0.0 0.0 0.0
151.0093 -6.4681723 0.0 0.0 0.0 0.0 0.0 0.0 0.0 0.0 0.0 0.0
151.0093 -6.4674506 0.0 0.0 0.0 0.0 0.0 0.0 0.0 0.0 0.0 0.0
151.0093 -6.4667289 0.0 0.0 0.0 0.0 0.0 0.0 0.0 0.0 0.0 0.0
151.00888 -6.4826061 0.0 0.0 0.0 0.0 0.0 0.0 0.0 0.0 1.6063e-16 1.67
151.00888 -6.4818844 31.139 68.655 0.0 0.0 0.0 0.0 0.0 0.0 1.8618e-16 0.02
151.00888 -6.4811627 30.247 63.554 0.0 0.0 0.0 0.0 0.0 0.0 1.8385e-16 0.0
151.00888 -6.480441 16.309 0.0 0.0 0.0 0.0 0.0 0.0 0.0 1.5424e-16 0.0
151.00888 -6.4797193 0.0 0.0 0.0 0.0 0.0 0.0 0.0 0.0 0.0 0.0
151.00888 -6.4789976 0.0 0.0 0.0 0.0 0.0 0.0 0.0 0.0 0.0 0.28
151.00888 -6.478276 0.0 0.0 0.0 0.0 0.0 0.0 0.0 0.0 1.1178e-16 1.82
151.00888 -6.4775543 0.0 0.0 0.0 0.0 0.0 0.0 0.0 0.0 0.0 9.8
151.00888 -6.4768326 30.284 91.03 0.0 0.0 0.0 0.0 0.0 0.0 0.0 25.85
151.00888 -6.4761109 177.736 557.286 0.0 27.251 0.0 0.03524 0.0 0.008794 2.636e-16 116.55
151.00888 -6.4753892 441.002 1341.279 24.967 95.421 20.357 0.08172 0.007754 0.032466 1.70405e-15 211.84
151.00888 -6.4746675 643.576 2009.354 37.723 144.447 41.817 0.11771 0.013316 0.046993 3.48885e-15 278.78
151.00888 -6.4739458 343.864 996.498 16.25 58.811 0.0 0.04811 0.0 0.01633 1.90744e-15 317.4
151.00888 -6.4732241 53.568 136.574 0.0 3.633 0.0 0.0 0.0 0.0 7.7975e-16 92.29
151.00888 -6.4725024 39.629 92.081 0.0 4.771 0.0 0.0 0.0 0.0 3.5605e-16 39.77
151.00888 -6.4717808 19.817 53.458 0.0 0.0 0.0 0.0 0.0 0.0 1.31859e-15 120.49
151.00888 -6.4710591 0.0 0.0 0.0 0.0 0.0 0.0 0.0 0.0 4.3527e-16 28.11
151.00888 -6.4703374 0.0 0.0 0.0 0.0 0.0 0.0 0.0 0.0 2.6386e-16 7.95
151.00888 -6.4696157 0.0 0.0 0.0 0.0 0.0 0.0 0.0 0.0 0.0 2.11
151.00888 -6.468894 0.0 0.0 0.0 0.0 0.0 0.0 0.0 0.0 0.0 0.09
151.00888 -6.4681723 0.0 0.0 0.0 0.0 0.0 0.0 0.0 0.0 0.0 0.0
151.00888 -6.4674506 0.0 0.0 0.0 0.0 0.0 0.0 0.0 0.0 0.0 0.0
151.00888 -6.4667289 0.0 0.0 0.0 0.0 0.0 0.0 0.0 0.0 0.0 0.0
151.00846 -6.4826061 0.0 0.0 0.0 0.0 0.0 0.0 0.0 0.0 2.1862e-16 19.39
151.00846 -6.4818844 0.0 0.0 0.0 0.0 0.0 0.0 0.0 0.0 1.6713e-16 0.35
151.00846 -6.4811627 0.0 0.0 0.0 0.0 0.0 0.0 0.0 0.0 1.1845e-16 0.0
151.00846 -6.480441 0.0 0.0 0.0 0.0 0.0 0.0 0.0 0.0 1.1933e-16 0.0
151.00846 -6.4797193 0.0 0.0 0.0 0.0 0.0 0.0 0.0 0.0 0.0 0.0
151.00846 -6.4789976 0.0 0.0 0.0 0.0 0.0 0.0 0.0 0.0 0.0 3.62
151.00846 -6.478276 0.0 0.0 0.0 0.0 0.0 0.0 0.0 0.0 1.5819e-16 13.32
151.00846 -6.4775543 0.0 0.0 0.0 0.0 0.0 0.0 0.0 0.0 1.0061e-16 1.61
151.00846 -6.4768326 24.936 74.726 0.0 0.0 0.0 0.0 0.0 0.0 0.0 16.97
151.00846 -6.4761109 245.93 739.371 8.798 40.111 0.0 0.04243 0.001731 0.011265 4.5634e-16 225.25
151.00846 -6.4753892 426.719 1283.645 19.477 81.977 14.351 0.07558 0.005854 0.02608 1.65043e-15 335.03
151.00846 -6.4746675 553.682 1700.241 34.188 120.936 35.117 0.09241 0.012668 0.038386 2.81321e-15 232.63
151.00846 -6.4739458 229.864 673.631 0.0 41.011 0.0 0.0 0.0 0.0 2.12002e-15 244.23
151.00846 -6.4732241 66.561 168.454 0.0 6.109 0.0 0.0 0.0 0.0 1.29808e-15 66.62
151.00846 -6.4725024 39.156 79.772 0.0 0.0 0.0 0.0 0.0 0.0 2.6392e-16 12.72
151.00846 -6.4717808 18.894 39.406 0.0 0.0 0.0 0.0 0.0 0.0 4.0299e-16 21.16
151.00846 -6.4710591 13.638 0.0 0.0 0.0 0.0 0.0 0.0 0.0 1.7421e-16 11.53
151.00846 -6.4703374 0.0 0.0 0.0 0.0 0.0 0.0 0.0 0.0 2.5779e-16 11.91
151.00846 -6.4696157 0.0 0.0 0.0 0.0 0.0 0.0 0.0 0.0 9.481e-17 14.74
151.00846 -6.468894 0.0 0.0 0.0 0.0 0.0 0.0 0.0 0.0 0.0 1.15
151.00846 -6.4681723 0.0 0.0 0.0 0.0 0.0 0.0 0.0 0.0 0.0 0.0
151.00846 -6.4674506 0.0 0.0 0.0 0.0 0.0 0.0 0.0 0.0 0.0 0.0
151.00846 -6.4667289 0.0 0.0 0.0 0.0 0.0 0.0 0.0 0.0 0.0 0.0
151.00805 -6.4826061 0.0 0.0 0.0 0.0 0.0 0.0 0.0 0.0 1.874e-16 35.59
151.00805 -6.4818844 0.0 0.0 0.0 0.0 0.0 0.0 0.0 0.0 1.587e-16 0.63
151.00805 -6.4811627 0.0 0.0 0.0 0.0 0.0 0.0 0.0 0.0 0.0 0.0
151.00805 -6.480441 0.0 0.0 0.0 0.0 0.0 0.0 0.0 0.0 0.0 0.0
151.00805 -6.4797193 0.0 0.0 0.0 0.0 0.0 0.0 0.0 0.0 0.0 0.0
151.00805 -6.4789976 13.08 39.849 0.0 0.0 0.0 0.0 0.0 0.0 0.0 4.49
151.00805 -6.478276 0.0 0.0 0.0 0.0 0.0 0.0 0.0 0.0 2.2149e-16 16.3
151.00805 -6.4775543 0.0 0.0 0.0 0.0 0.0 0.0 0.0 0.0 0.0 0.16
151.00805 -6.4768326 15.063 46.005 0.0 0.0 0.0 0.0 0.0 0.0 0.0 5.19
151.00805 -6.4761109 162.119 482.468 0.0 22.835 0.0 0.0 0.0 0.0 5.4133e-16 183.74
151.00805 -6.4753892 345.751 1010.979 0.0 47.082 0.0 0.04854 0.002283 0.012849 1.33073e-15 349.67
151.00805 -6.4746675 242.874 714.808 0.0 32.082 0.0 0.02661 0.0 0.009608 1.71427e-15 132.56
151.00805 -6.4739458 110.542 305.698 0.0 13.475 0.0 0.0 0.0 0.0 1.44626e-15 102.9
151.00805 -6.4732241 70.323 160.05 0.0 4.668 0.0 0.0 0.0 0.0 9.6324e-16 39.24
151.00805 -6.4725024 46.926 84.397 0.0 0.0 0.0 0.0 0.0 0.0 1.9062e-16 0.79
151.00805 -6.4717808 23.249 39.475 0.0 0.0 0.0 0.0 0.0 0.0 1.3708e-16 0.55
151.00805 -6.4710591 13.573 0.0 0.0 0.0 0.0 0.0 0.0 0.0 1.1235e-16 10.12
151.00805 -6.4703374 0.0 0.0 0.0 0.0 0.0 0.0 0.0 0.0 1.4513e-16 3.77
151.00805 -6.4696157 0.0 0.0 0.0 0.0 0.0 0.0 0.0 0.0 1.6821e-16 17.8
151.00805 -6.468894 0.0 0.0 0.0 0.0 0.0 0.0 0.0 0.0 0.0 1.47
151.00805 -6.4681723 0.0 0.0 0.0 0.0 0.0 0.0 0.0 0.0 0.0 0.0
151.00805 -6.4674506 0.0 0.0 0.0 0.0 0.0 0.0 0.0 0.0 0.0 0.0
151.00805 -6.4667289 0.0 0.0 0.0 0.0 0.0 0.0 0.0 0.0 0.0 0.0
151.00763 -6.4826061 0.0 0.0 0.0 0.0 0.0 0.0 0.0 0.0 1.9174e-16 14.4
151.00763 -6.4818844 13.025 0.0 0.0 0.0 0.0 0.0 0.0 0.0 2.1421e-16 0.12
151.00763 -6.4811627 0.0 0.0 0.0 0.0 0.0 0.0 0.0 0.0 0.0 0.0
151.00763 -6.480441 0.0 0.0 0.0 0.0 0.0 0.0 0.0 0.0 0.0 0.0
151.00763 -6.4797193 0.0 0.0 0.0 0.0 0.0 0.0 0.0 0.0 0.0 0.0
151.00763 -6.4789976 9.132 36.676 0.0 0.0 0.0 0.0 0.0 0.0 0.0 0.68
151.00763 -6.478276 0.0 0.0 0.0 0.0 0.0 0.0 0.0 0.0 1.6148e-16 3.87
151.00763 -6.4775543 0.0 0.0 0.0 0.0 0.0 0.0 0.0 0.0 0.0 0.04
151.00763 -6.4768326 15.039 33.317 0.0 0.0 0.0 0.0 0.0 0.0 1.4385e-16 13.46
151.00763 -6.4761109 47.05 159.021 0.0 0.0 0.0 0.0 0.0 0.0 5.2215e-16 105.29
151.00763 -6.4753892 237.839 681.012 0.0 23.107 0.0 0.02871 0.0 0.0 1.07277e-15 235.54
151.00763 -6.4746675 203.061 542.594 0.0 14.971 0.0 0.01905 0.0 0.0 1.07344e-15 76.46
151.00763 -6.4739458 120.603 286.675 0.0 6.292 0.0 0.0 0.0 0.0 6.8651e-16 31.04
151.00763 -6.4732241 56.51 121.161 0.0 0.0 0.0 0.0 0.0 0.0 5.4297e-16 35.91
151.00763 -6.4725024 36.145 69.38 0.0 0.0 0.0 0.0 0.0 0.0 2.1842e-16 0.44
151.00763 -6.4717808 19.208 40.885 0.0 0.0 0.0 0.0 0.0 0.0 1.2393e-16 1.62
151.00763 -6.4710591 12.867 0.0 0.0 0.0 0.0 0.0 0.0 0.0 1.5321e-16 36.09
151.00763 -6.4703374 0.0 0.0 0.0 0.0 0.0 0.0 0.0 0.0 1.8666e-16 3.67
151.00763 -6.4696157 0.0 0.0 0.0 0.0 0.0 0.0 0.0 0.0 1.8767e-16 4.49
151.00763 -6.468894 0.0 0.0 0.0 0.0 0.0 0.0 0.0 0.0 0.0 0.21
151.00763 -6.4681723 0.0 0.0 0.0 0.0 0.0 0.0 0.0 0.0 0.0 0.0
151.00763 -6.4674506 0.0 0.0 0.0 0.0 0.0 0.0 0.0 0.0 0.0 0.0
151.00763 -6.4667289 0.0 0.0 0.0 0.0 0.0 0.0 0.0 0.0 0.0 0.0
151.00721 -6.4826061 0.0 0.0 0.0 0.0 0.0 0.0 0.0 0.0 1.2534e-16 0.57
151.00721 -6.4818844 15.982 28.716 0.0 0.0 0.0 0.0 0.0 0.0 2.1354e-16 0.0
151.00721 -6.4811627 9.36 0.0 0.0 0.0 0.0 0.0 0.0 0.0 0.0 0.0
151.00721 -6.480441 0.0 0.0 0.0 0.0 0.0 0.0 0.0 0.0 0.0 0.0
151.00721 -6.4797193 0.0 0.0 0.0 0.0 0.0 0.0 0.0 0.0 0.0 0.0
151.00721 -6.4789976 0.0 0.0 0.0 0.0 0.0 0.0 0.0 0.0 0.0 0.01
151.00721 -6.478276 0.0 0.0 0.0 0.0 0.0 0.0 0.0 0.0 0.0 0.06
151.00721 -6.4775543 0.0 0.0 0.0 0.0 0.0 0.0 0.0 0.0 0.0 0.13
151.00721 -6.4768326 17.429 39.129 0.0 0.0 0.0 0.0 0.0 0.0 2.0756e-16 36.17
151.00721 -6.4761109 10.601 48.481 0.0 0.0 0.0 0.0 0.0 0.0 6.5499e-16 70.18
151.00721 -6.4753892 93.975 293.221 0.0 0.0 0.0 0.0 0.0 0.0 7.7322e-16 164.45
151.00721 -6.4746675 156.225 430.875 0.0 12.042 0.0 0.02077 0.0 0.004615 9.7418e-16 165.81
151.00721 -6.4739458 121.692 307.328 0.0 0.0 0.0 0.02075 0.0 0.0 7.9577e-16 59.8
151.00721 -6.4732241 58.563 145.454 0.0 0.0 0.0 0.0 0.0 0.0 4.7891e-16 25.06
151.00721 -6.4725024 26.759 74.721 0.0 0.0 0.0 0.0 0.0 0.0 2.1995e-16 0.4
151.00721 -6.4717808 15.969 45.159 0.0 0.0 0.0 0.0 0.0 0.0 1.3482e-16 1.18
151.00721 -6.4710591 0.0 0.0 0.0 0.0 0.0 0.0 0.0 0.0 1.7287e-16 29.81
151.00721 -6.4703374 0.0 0.0 0.0 0.0 0.0 0.0 0.0 0.0 2.9075e-16 8.28
151.00721 -6.4696157 0.0 0.0 0.0 0.0 0.0 0.0 0.0 0.0 1.6755e-16 4.01
151.00721 -6.468894 0.0 0.0 0.0 0.0 0.0 0.0 0.0 0.0 0.0 0.0
151.00721 -6.4681723 0.0 0.0 0.0 0.0 0.0 0.0 0.0 0.0 0.0 0.0
151.00721 -6.4674506 0.0 0.0 0.0 0.0 0.0 0.0 0.0 0.0 0.0 0.0
151.00721 -6.4667289 0.0 0.0 0.0 0.0 0.0 0.0 0.0 0.0 0.0 0.0
151.0068 -6.4826061 0.0 0.0 0.0 0.0 0.0 0.0 0.0 0.0 0.0 0.0
151.0068 -6.4818844 8.343 21.654 0.0 0.0 0.0 0.0 0.0 0.0 1.4419e-16 0.0
151.0068 -6.4811627 0.0 0.0 0.0 0.0 0.0 0.0 0.0 0.0 0.0 0.0
151.0068 -6.480441 0.0 0.0 0.0 0.0 0.0 0.0 0.0 0.0 0.0 0.0
151.0068 -6.4797193 0.0 0.0 0.0 0.0 0.0 0.0 0.0 0.0 0.0 0.0
151.0068 -6.4789976 0.0 0.0 0.0 0.0 0.0 0.0 0.0 0.0 0.0 0.0
151.0068 -6.478276 0.0 0.0 0.0 0.0 0.0 0.0 0.0 0.0 0.0 0.0
151.0068 -6.4775543 13.429 22.75 0.0 0.0 0.0 0.0 0.0 0.0 0.0 0.77
151.0068 -6.4768326 18.606 45.275 0.0 0.0 0.0 0.0 0.0 0.0 2.4705e-16 30.71
151.0068 -6.4761109 10.815 26.233 0.0 0.0 0.0 0.0 0.0 0.0 6.7615e-16 51.42
151.0068 -6.4753892 33.64 119.513 0.0 0.0 0.0 0.0 0.0 0.0 5.9454e-16 107.77
151.0068 -6.4746675 84.783 267.147 0.0 10.958 0.0 0.01859 0.0 0.005917 1.24926e-15 275.61
151.0068 -6.4739458 138.372 421.868 0.0 12.921 0.0 0.02809 0.0 0.008099 1.56803e-15 165.3
151.0068 -6.4732241 92.438 282.831 0.0 8.763 0.0 0.0 0.0 0.006966 7.224e-16 10.26
151.0068 -6.4725024 39.72 132.756 0.0 0.0 0.0 0.0 0.0 0.004962 2.7366e-16 0.1
151.0068 -6.4717808 17.612 47.602 0.0 0.0 0.0 0.0 0.0 0.0 2.0322e-16 0.27
151.0068 -6.4710591 0.0 0.0 0.0 0.0 0.0 0.0 0.0 0.0 1.9168e-16 3.72
151.0068 -6.4703374 0.0 0.0 0.0 0.0 0.0 0.0 0.0 0.0 3.0798e-16 23.76
151.0068 -6.4696157 0.0 0.0 0.0 0.0 0.0 0.0 0.0 0.0 1.8022e-16 13.07
151.0068 -6.468894 0.0 0.0 0.0 0.0 0.0 0.0 0.0 0.0 0.0 0.01
151.0068 -6.4681723 0.0 0.0 0.0 0.0 0.0 0.0 0.0 0.0 0.0 0.0
151.0068 -6.4674506 0.0 0.0 0.0 0.0 0.0 0.0 0.0 0.0 0.0 0.0
151.0068 -6.4667289 0.0 0.0 0.0 0.0 0.0 0.0 0.002001 0.0 0.0 0.0
151.00638 -6.4826061 0.0 0.0 0.0 0.0 0.0 0.0 0.0 0.0 0.0 0.0
151.00638 -6.4818844 0.0 0.0 0.0 0.0 0.0 0.0 0.0 0.0 0.0 0.0
151.00638 -6.4811627 0.0 0.0 0.0 0.0 0.0 0.0 0.0 0.0 0.0 0.0
151.00638 -6.480441 0.0 0.0 0.0 0.0 0.0 0.0 0.0 0.0 0.0 0.0
151.00638 -6.4797193 0.0 0.0 0.0 0.0 0.0 0.0 0.0 0.0 0.0 0.0
151.00638 -6.4789976 0.0 0.0 0.0 0.0 0.0 0.0 0.0 0.0 0.0 0.0
151.00638 -6.478276 0.0 0.0 0.0 0.0 0.0 0.0 0.0 0.0 0.0 0.01
151.00638 -6.4775543 10.369 0.0 0.0 0.0 0.0 0.0 0.0 0.0 1.2087e-16 8.17
151.00638 -6.4768326 13.055 0.0 0.0 0.0 0.0 0.0 0.0 0.0 3.5693e-16 44.34
151.00638 -6.4761109 6.824 0.0 0.0 0.0 0.0 0.0 0.0 0.0 4.8011e-16 40.77
151.00638 -6.4753892 23.356 70.183 0.0 0.0 0.0 0.0 0.002008 0.0 5.7294e-16 61.6
151.00638 -6.4746675 44.985 150.507 0.0 5.649 0.0 0.01504 0.0 0.0 1.45836e-15 220.23
151.00638 -6.4739458 155.614 521.851 3.639 27.701 0.0 0.03216 0.004409 0.011415 2.76523e-15 242.54
151.00638 -6.4732241 123.156 361.66 0.0 16.049 0.0 0.0 0.0 0.006716 1.85832e-15 52.39
151.00638 -6.4725024 54.417 161.256 0.0 4.202 0.0 0.0 0.0 0.0 6.0801e-16 8.16
151.00638 -6.4717808 30.532 83.087 0.0 0.0 0.0 0.0 0.0 0.0 3.9342e-16 10.76
151.00638 -6.4710591 21.368 52.88 0.0 0.0 0.0 0.0 0.0 0.0 3.9504e-16 5.01
151.00638 -6.4703374 10.628 0.0 0.0 0.0 0.0 0.0 0.0 0.0 2.5373e-16 24.42
151.00638 -6.4696157 0.0 0.0 0.0 0.0 0.0 0.0 0.0 0.0 1.4774e-16 10.75
151.00638 -6.468894 0.0 0.0 0.0 0.0 0.0 0.0 0.0 0.0 0.0 0.0
151.00638 -6.4681723 0.0 0.0 0.0 0.0 0.0 0.0 0.0 0.0 1.0742e-16 0.0
151.00638 -6.4674506 0.0 0.0 0.0 0.0 0.0 0.0 0.002042 0.0 0.0 0.0
151.00638 -6.4667289 0.0 0.0 0.0 0.0 0.0 0.0 0.002585 0.0 0.0 0.62
151.00596 -6.4826061 0.0 0.0 0.0 0.0 0.0 0.0 0.0 0.0 0.0 0.0
151.00596 -6.4818844 0.0 0.0 0.0 0.0 0.0 0.0 0.0 0.0 0.0 0.0
151.00596 -6.4811627 0.0 0.0 0.0 0.0 0.0 0.0 0.0 0.0 0.0 0.0
151.00596 -6.480441 0.0 0.0 0.0 0.0 0.0 0.0 0.0 0.0 0.0 0.0
151.00596 -6.4797193 0.0 0.0 0.0 0.0 0.0 0.0 0.0 0.0 0.0 0.0
151.00596 -6.4789976 0.0 0.0 0.0 0.0 0.0 0.0 0.0 0.0 0.0 0.0
151.00596 -6.478276 0.0 0.0 0.0 0.0 0.0 0.0 0.0 0.0 0.0 0.02
151.00596 -6.4775543 0.0 0.0 0.0 0.0 0.0 0.0 0.0 0.0036 0.0 17.33
151.00596 -6.4768326 14.098 0.0 0.0 0.0 0.0 0.0 0.0 0.0 5.4701e-16 79.3
151.00596 -6.4761109 0.0 0.0 0.0 0.0 0.0 0.0 0.0 0.0 3.3477e-16 31.31
151.00596 -6.4753892 26.867 82.249 0.0 0.0 0.0 0.0 0.0 0.0 6.1142e-16 74.43
151.00596 -6.4746675 26.801 81.695 0.0 0.0 0.0 0.01628 0.0 0.0 1.37785e-15 137.46
151.00596 -6.4739458 79.123 293.426 0.0 0.0 0.0 0.0 0.0 0.0 2.36476e-15 231.77
151.00596 -6.4732241 68.11 203.243 0.0 7.957 0.0 0.0 0.002868 0.0 1.9516e-15 212.52
151.00596 -6.4725024 49.576 146.532 0.0 0.0 0.0 0.0 0.0 0.0 1.08832e-15 71.72
151.00596 -6.4717808 40.287 117.964 0.0 0.0 0.0 0.0 0.0 0.0 7.0124e-16 55.36
151.00596 -6.4710591 42.627 115.158 0.0 0.0 0.0 0.0 0.0 0.004355 7.5025e-16 28.28
151.00596 -6.4703374 16.506 39.473 0.0 0.0 0.0 0.0 0.0 0.0 2.9183e-16 6.45
151.00596 -6.4696157 20.578 61.258 0.0 0.0 0.0 0.0 0.0 0.0 1.2463e-16 1.5
151.00596 -6.468894 0.0 0.0 0.0 0.0 0.0 0.0 0.0 0.0 0.0 0.0
151.00596 -6.4681723 0.0 0.0 0.0 0.0 0.0 0.0 0.0 0.0 0.0 0.01
151.00596 -6.4674506 0.0 0.0 0.0 0.0 0.0 0.0 0.0 0.0 0.0 0.12
151.00596 -6.4667289 0.0 0.0 0.0 0.0 0.0 0.0 0.0 0.0 8.265e-17 4.67
151.00555 -6.4826061 0.0 0.0 0.0 0.0 0.0 0.0 0.0 0.0 0.0 0.0
151.00555 -6.4818844 0.0 0.0 0.0 0.0 0.0 0.0 0.0 0.0 0.0 0.0
151.00555 -6.4811627 0.0 0.0 0.0 0.0 0.0 0.0 0.0 0.0 0.0 0.0
151.00555 -6.480441 0.0 0.0 0.0 0.0 0.0 0.0 0.0 0.0 0.0 0.0
151.00555 -6.4797193 0.0 0.0 0.0 0.0 0.0 0.0 0.0 0.0 0.0 0.0
151.00555 -6.4789976 0.0 0.0 0.0 0.0 0.0 0.0 0.0 0.004607 0.0 0.0
151.00555 -6.478276 0.0 0.0 0.0 0.0 0.0 0.0 0.0 0.003977 0.0 0.0
151.00555 -6.4775543 0.0 0.0 0.0 0.0 0.0 0.0 0.0 0.003607 0.0 5.43
151.00555 -6.4768326 0.0 0.0 0.0 0.0 0.0 0.0 0.0 0.0 3.6871e-16 49.12
151.00555 -6.4761109 0.0 0.0 0.0 0.0 0.0 0.0 0.0 0.0 2.6498e-16 27.97
151.00555 -6.4753892 29.196 94.315 0.0 0.0 0.0 0.0 0.002095 0.0 6.0236e-16 94.53
151.00555 -6.4746675 19.425 36.548 0.0 0.0 0.0 0.0 0.0 0.0 1.15594e-15 115.16
151.00555 -6.4739458 17.685 60.512 0.0 0.0 0.0 0.0 0.0 0.0 1.15024e-15 173.2
151.00555 -6.4732241 0.0 52.178 0.0 0.0 0.0 0.0 0.0 0.0 1.06791e-15 293.49
151.00555 -6.4725024 30.802 103.505 0.0 3.77 0.0 0.0 0.003322 0.0 1.03222e-15 142.46
151.00555 -6.4717808 34.129 102.655 0.0 3.306 0.0 0.0 0.0 0.0 9.9192e-16 93.83
151.00555 -6.4710591 38.334 110.277 0.0 0.0 0.0 0.0 0.0 0.0 8.9437e-16 45.45
151.00555 -6.4703374 20.098 59.791 0.0 0.0 0.0 0.0 0.0 0.0 4.2221e-16 11.46
151.00555 -6.4696157 34.346 101.544 0.0 0.0 0.0 0.0 0.0 0.0 2.1788e-16 4.76
151.00555 -6.468894 0.0 0.0 0.0 0.0 0.0 0.0 0.0 0.0 1.014e-16 0.17
151.00555 -6.4681723 0.0 0.0 0.0 0.0 0.0 0.0 0.0 0.0 9.094e-17 1.02
151.00555 -6.4674506 0.0 0.0 0.0 0.0 0.0 0.0 0.0 0.0 1.964e-16 3.32
151.00555 -6.4667289 0.0 0.0 0.0 0.0 0.0 0.0 0.0 0.0 8.459e-17 12.61
151.00513 -6.4826061 0.0 0.0 0.0 0.0 0.0 0.0 0.002333 0.0 0.0 0.0
151.00513 -6.4818844 0.0 0.0 0.0 0.0 0.0 0.0 0.0 0.0 0.0 0.0
151.00513 -6.4811627 0.0 0.0 0.0 0.0 0.0 0.0 0.0 0.0 0.0 0.0
151.00513 -6.480441 0.0 0.0 0.0 0.0 0.0 0.0 0.0 0.0 0.0 0.0
151.00513 -6.4797193 0.0 0.0 0.0 0.0 0.0 0.0 0.0 0.004275 0.0 0.0
151.00513 -6.4789976 0.0 0.0 0.0 0.0 0.0 0.0 0.0 0.005388 0.0 0.0
151.00513 -6.478276 0.0 0.0 0.0 0.0 0.0 0.0 0.0 0.0 0.0 0.0
151.00513 -6.4775543 0.0 0.0 0.0 0.0 0.0 0.0 0.002091 0.0 0.0 0.26
151.00513 -6.4768326 0.0 0.0 0.0 0.0 0.0 0.0 0.0 0.0 0.0 7.6
151.00513 -6.4761109 0.0 0.0 0.0 0.0 0.0 0.0 0.0 0.0 1.3498e-16 14.14
151.00513 -6.4753892 27.431 81.868 0.0 0.0 0.0 0.0 0.0 0.0 3.5254e-16 55.94
151.00513 -6.4746675 14.826 0.0 0.0 0.0 0.0 0.0 0.0 0.0 5.9447e-16 42.35
151.00513 -6.4739458 10.444 0.0 0.0 0.0 0.0 0.0 0.0 0.0 5.0317e-16 63.6
151.00513 -6.4732241 0.0 0.0 0.0 0.0 0.0 0.0 0.0 0.0 5.3924e-16 151.83
151.00513 -6.4725024 25.635 90.286 0.0 5.316 0.0 0.0 0.002604 0.0 8.8695e-16 158.47
151.00513 -6.4717808 24.67 77.911 3.489 0.0 0.0 0.0 0.0 0.0 9.7887e-16 112.93
151.00513 -6.4710591 18.763 61.381 0.0 0.0 0.0 0.0 0.0 0.0 7.7457e-16 94.74
151.00513 -6.4703374 16.911 62.262 0.0 0.0 0.0 0.0 0.0 0.0 5.147e-16 40.74
151.00513 -6.4696157 24.804 68.979 0.0 0.0 0.0 0.0 0.0 0.0 2.8655e-16 19.23
151.00513 -6.468894 0.0 0.0 0.0 0.0 0.0 0.0 0.0 0.0 1.2063e-16 2.18
151.00513 -6.4681723 0.0 0.0 0.0 0.0 0.0 0.0 0.0 0.0 1.3621e-16 18.0
151.00513 -6.4674506 0.0 0.0 0.0 0.0 0.0 0.0 0.0 0.0 5.3271e-16 20.54
151.00513 -6.4667289 0.0 0.0 0.0 0.0 0.0 0.0 0.0 0.0 1.373e-16 17.72
151.00471 -6.4826061 0.0 0.0 0.0 0.0 0.0 0.0 0.002787 0.0 0.0 0.0
151.00471 -6.4818844 0.0 0.0 0.0 0.0 0.0 0.0 0.002605 0.0 0.0 0.0
151.00471 -6.4811627 0.0 0.0 0.0 0.0 0.0 0.0 0.0 0.0 0.0 0.0
151.00471 -6.480441 0.0 0.0 0.0 0.0 0.0 0.0 0.0 0.0 0.0 0.0
151.00471 -6.4797193 0.0 0.0 0.0 0.0 0.0 0.0 0.0 0.0 0.0 0.0
151.00471 -6.4789976 0.0 0.0 0.0 0.0 0.0 0.0 0.0 0.0 0.0 0.0
151.00471 -6.478276 0.0 0.0 0.0 0.0 0.0 0.0 0.0 0.0 0.0 0.0
151.00471 -6.4775543 0.0 0.0 0.0 0.0 0.0 0.0 0.0 0.0 0.0 0.0
151.00471 -6.4768326 0.0 0.0 0.0 0.0 0.0 0.0 0.0 0.0 0.0 0.18
151.00471 -6.4761109 0.0 0.0 0.0 0.0 0.0 0.0 0.0 0.0 0.0 1.04
151.00471 -6.4753892 17.074 0.0 0.0 0.0 0.0 0.0 0.0 0.0 1.1575e-16 6.62
151.00471 -6.4746675 10.488 0.0 0.0 0.0 0.0 0.0 0.0 0.0 1.8153e-16 3.1
151.00471 -6.4739458 22.005 66.646 0.0 0.0 0.0 0.0 0.0 0.0 2.675e-16 7.06
151.00471 -6.4732241 0.0 0.0 0.0 0.0 0.0 0.0 0.0 0.0 2.9304e-16 29.02
151.00471 -6.4725024 16.411 0.0 0.0 0.0 0.0 0.0 0.0 0.0 5.1563e-16 81.71
151.00471 -6.4717808 21.408 59.785 0.0 0.0 0.0 0.0 0.0 0.0 5.0627e-16 67.41
151.00471 -6.4710591 11.067 38.54 0.0 0.0 0.0 0.0 0.0 0.0 4.2803e-16 85.27
151.00471 -6.4703374 0.0 0.0 0.0 0.0 0.0 0.0 0.0 0.0 4.1498e-16 33.43
151.00471 -6.4696157 0.0 0.0 0.0 0.0 0.0 0.0 0.0 0.0 2.4011e-16 14.06
151.00471 -6.468894 0.0 0.0 0.0 0.0 0.0 0.0 0.0 0.0 1.4241e-16 5.23
151.00471 -6.4681723 0.0 0.0 0.0 0.0 0.0 0.0 0.0 0.0 1.342e-16 32.66
151.00471 -6.4674506 0.0 0.0 0.0 0.0 0.0 0.0 0.0 0.0 4.9735e-16 29.26
151.00471 -6.4667289 0.0 0.0 0.0 0.0 0.0 0.0 0.0 0.0 1.8921e-16 7.96
151.0043 -6.4826061 0.0 0.0 0.0 0.0 0.0 0.0 0.0 0.0 0.0 0.0
151.0043 -6.4818844 0.0 0.0 0.0 0.0 0.0 0.0 0.003551 0.0 0.0 0.0
151.0043 -6.4811627 0.0 0.0 0.0 0.0 0.0 0.0 0.0 0.0 0.0 0.0
151.0043 -6.480441 0.0 0.0 0.0 0.0 0.0 0.0 0.0 0.0 0.0 0.0
151.0043 -6.4797193 0.0 0.0 0.0 0.0 0.0 0.0 0.0 0.0 0.0 0.0
151.0043 -6.4789976 0.0 0.0 0.0 0.0 0.0 0.0 0.0 0.0 0.0 0.0
151.0043 -6.478276 0.0 0.0 0.0 0.0 0.0 0.0 0.0 0.0 0.0 0.0
151.0043 -6.4775543 0.0 0.0 0.0 0.0 0.0 0.0 0.0 0.0 0.0 0.0
151.0043 -6.4768326 0.0 0.0 0.0 0.0 0.0 0.0 0.0 0.0 0.0 0.0
151.0043 -6.4761109 0.0 0.0 0.0 0.0 0.0 0.0 0.0 0.0 0.0 0.01
151.0043 -6.4753892 0.0 0.0 0.0 0.0 0.0 0.0 0.0 0.0 0.0 0.08
151.0043 -6.4746675 0.0 0.0 0.0 0.0 0.0 0.0 0.0 0.0 0.0 0.03
151.0043 -6.4739458 0.0 0.0 0.0 0.0 0.0 0.0 0.0 0.0 0.0 0.21
151.0043 -6.4732241 0.0 0.0 0.0 0.0 0.0 0.0 0.0 0.0 1.4342e-16 1.19
151.0043 -6.4725024 0.0 0.0 0.0 0.0 0.0 0.0 0.0 0.0 2.0258e-16 15.28
151.0043 -6.4717808 0.0 0.0 0.0 0.0 0.0 0.0 0.0 0.0 1.8085e-16 18.45
151.0043 -6.4710591 0.0 0.0 0.0 0.0 0.0 0.0 0.0 0.0 1.7041e-16 21.26
151.0043 -6.4703374 0.0 0.0 0.0 0.0 0.0 0.0 0.0 0.0 1.6723e-16 7.33
151.0043 -6.4696157 0.0 0.0 0.0 0.0 0.0 0.0 0.0 0.0 0.0 1.62
151.0043 -6.468894 0.0 0.0 0.0 0.0 0.0 0.0 0.0 0.0 0.0 1.61
151.0043 -6.4681723 0.0 0.0 0.0 0.0 0.0 0.0 0.002412 0.0 0.0 12.52
151.0043 -6.4674506 0.0 0.0 0.0 0.0 0.0 0.0 0.0 0.0 0.0 12.0
151.0043 -6.4667289 0.0 0.0 0.0 0.0 0.0 0.0 0.0 0.0 0.0 0.52
151.00388 -6.4826061 0.0 0.0 0.0 0.0 0.0 0.0 0.0 0.0 0.0 0.0
151.00388 -6.4818844 0.0 0.0 0.0 0.0 0.0 0.0 0.002367 0.0 0.0 0.0
151.00388 -6.4811627 0.0 0.0 0.0 0.0 0.0 0.0 0.0 0.0 0.0 0.0
151.00388 -6.480441 0.0 0.0 0.0 0.0 0.0 0.0 0.0 0.0 0.0 0.0
151.00388 -6.4797193 0.0 0.0 0.0 0.0 0.0 0.0 0.0 0.0 0.0 0.0
151.00388 -6.4789976 0.0 0.0 0.0 0.0 0.0 0.0 0.0 0.0 0.0 0.0
151.00388 -6.478276 0.0 0.0 0.0 0.0 0.0 0.0 0.0 0.0 0.0 0.0
151.00388 -6.4775543 0.0 0.0 0.0 0.0 0.0 0.0 0.0 0.0 0.0 0.0
151.00388 -6.4768326 0.0 0.0 0.0 0.0 0.0 0.0 0.0 0.0 0.0 0.0
151.00388 -6.4761109 0.0 0.0 0.0 0.0 0.0 0.0 0.0 0.0 0.0 0.0
151.00388 -6.4753892 0.0 0.0 0.0 0.0 0.0 0.0 0.0 0.0 0.0 0.0
151.00388 -6.4746675 0.0 0.0 0.0 0.0 0.0 0.0 0.0 0.0 0.0 0.0
151.00388 -6.4739458 0.0 0.0 0.0 0.0 0.0 0.0 0.0 0.0 0.0 0.0
151.00388 -6.4732241 0.0 0.0 0.0 0.0 0.0 0.0 0.0 0.0 0.0 0.01
151.00388 -6.4725024 0.0 0.0 0.0 0.0 0.0 0.0 0.0 0.0 0.0 5.51
151.00388 -6.4717808 0.0 0.0 0.0 0.0 0.0 0.0 0.0 0.0 0.0 7.21
151.00388 -6.4710591 0.0 0.0 0.0 0.0 0.0 0.0 0.0 0.0 0.0 0.82
151.00388 -6.4703374 0.0 0.0 0.0 0.0 0.0 0.0 0.0 0.0 0.0 0.19
151.00388 -6.4696157 0.0 0.0 0.0 0.0 0.0 0.0 0.0 0.0 0.0 0.01
151.00388 -6.468894 0.0 0.0 0.0 0.0 0.0 0.0 0.0 0.0 0.0 0.03
151.00388 -6.4681723 0.0 0.0 0.0 0.0 0.0 0.0 0.002337 0.0 0.0 0.41
151.00388 -6.4674506 0.0 0.0 0.0 0.0 0.0 0.0 0.0 0.0 0.0 0.6
151.00388 -6.4667289 0.0 0.0 0.0 0.0 0.0 0.0 0.0 0.0 0.0 0.0
